#1 ---------------------------------------------------------------- 1#
#2     Nucleosynthesis yields of B11TW1.00 model                    2#
#3     Nishimura, Takiwaki and Thielemann, ApJ 810:109 (2015)       3#
#4     Total ejecta:     2.15000e-02  in Solar Mass                 4#
#5 ---------------------------------------------------------------- 5#
#6   name     Z    N    A    X                   Y                  6#
#7 ---------------------------------------------------------------- 7#
     h1       1    0    1    2.4357332407e-02    2.4357332407e-02
     h2       1    1    2    2.3922049713e-07    1.1961024857e-07
     he3      2    1    3    2.1533885471e-05    7.1779618238e-06
     he4      2    2    4    6.9474197668e-04    1.7368549417e-04
     li6      3    3    6    1.9309520629e-12    3.2182534382e-13
     li7      3    4    7    2.6161709389e-13    3.7373870555e-14
     be9      4    5    9    2.4063113549e-15    2.6736792832e-16
     b10      5    5   10    3.7075606538e-14    3.7075606538e-15
     b11      5    6   11    1.8391830618e-10    1.6719846017e-11
     c12      6    6   12    5.2826288101e-08    4.4021906751e-09
     c13      6    7   13    1.3481879029e-10    1.0370676176e-11
     n14      7    7   14    1.5152219530e-07    1.0823013950e-08
     n15      7    8   15    6.7154343460e-07    4.4769562306e-08
     o16      8    8   16    4.2621327154e-06    2.6638329471e-07
     o17      8    9   17    1.7764535757e-05    1.0449726916e-06
     o18      8   10   18    1.5250602513e-04    8.4725569515e-06
     f19      9   10   19    9.3824709406e-05    4.9381426003e-06
     ne20    10   10   20    2.8669752055e-05    1.4334876028e-06
     ne21    10   11   21    1.3061787824e-05    6.2198989639e-07
     ne22    10   12   22    8.8885511615e-04    4.0402505279e-05
     na23    11   12   23    1.9290608774e-06    8.3872212062e-08
     mg24    12   12   24    6.0658793014e-07    2.5274497089e-08
     mg25    12   13   25    1.1548839428e-05    4.6195357710e-07
     mg26    12   14   26    2.8754183670e-06    1.1059301412e-07
     al27    13   14   27    5.4649783624e-07    2.0240660602e-08
     si28    14   14   28    1.0936115996e-06    3.9057557127e-08
     si29    14   15   29    2.3644779184e-06    8.1533721323e-08
     si30    14   16   30    4.4409375867e-06    1.4803125289e-07
     p31     15   16   31    1.7084639070e-06    5.5111738935e-08
     s32     16   16   32    4.0929284524e-06    1.2790401414e-07
     s33     16   17   33    5.0328786468e-06    1.5251147415e-07
     s34     16   18   34    1.2411550713e-05    3.6504560920e-07
     s36     16   20   36    3.5479363305e-06    9.8553786959e-08
     cl35    17   18   35    1.4195982404e-06    4.0559949727e-08
     cl37    17   20   37    3.8397266172e-06    1.0377639506e-07
     ar36    18   18   36    3.9163558000e-09    1.0878766111e-10
     ar38    18   20   38    6.5073212666e-07    1.7124529649e-08
     ar40    18   22   40    7.0599401366e-06    1.7649850341e-07
     k39     19   20   39    6.5535674693e-07    1.6804019152e-08
     k40     19   21   40    5.0096987066e-11    1.2524246766e-12
     k41     19   22   41    5.7440057306e-05    1.4009770075e-06
     ca40    20   20   40    2.7847448067e-08    6.9618620167e-10
     ca42    20   22   42    7.4984058099e-05    1.7853347166e-06
     ca43    20   23   43    1.8014316923e-05    4.1893760287e-07
     ca44    20   24   44    1.7868705974e-05    4.0610695397e-07
     ca46    20   26   46    7.9884192059e-06    1.7366128708e-07
     ca48    20   28   48    2.3139636304e-02    4.8207575633e-04
     sc45    21   24   45    9.0781864284e-06    2.0173747619e-07
     ti46    22   24   46    7.9491073500e-08    1.7280668152e-09
     ti47    22   25   47    2.4983697177e-05    5.3156802505e-07
     ti48    22   26   48    6.3211376716e-07    1.3169036816e-08
     ti49    22   27   49    1.2109064377e-03    2.4712376279e-05
     ti50    22   28   50    3.3916086639e-03    6.7832173277e-05
     v50     23   27   50    1.2251264991e-08    2.4502529982e-10
     v51     23   28   51    1.7255259138e-03    3.3833841448e-05
     cr50    24   26   50    3.3850050162e-05    6.7700100323e-07
     cr52    24   28   52    5.6555747236e-03    1.0876105238e-04
     cr53    24   29   53    3.2458013624e-03    6.1241535141e-05
     cr54    24   30   54    7.3933365042e-03    1.3691363897e-04
     mn55    25   30   55    3.1274110835e-03    5.6862019701e-05
     fe54    26   28   54    1.7678140616e-02    3.2737297438e-04
     fe56    26   30   56    3.0103022637e-02    5.3755397565e-04
     fe57    26   31   57    2.8371296115e-03    4.9774203710e-05
     fe58    26   32   58    1.4522341082e-02    2.5038519106e-04
     co59    27   32   59    5.2671066209e-03    8.9272993575e-05
     ni58    28   30   58    7.1908556440e-02    1.2398026972e-03
     ni60    28   32   60    3.5024342008e-02    5.8373903347e-04
     ni61    28   33   61    6.7116829780e-04    1.1002758980e-05
     ni62    28   34   62    6.7720665674e-03    1.0922688012e-04
     ni64    28   36   64    6.5194434556e-03    1.0186630399e-04
     cu63    29   34   63    3.5345430168e-04    5.6103857410e-06
     cu65    29   36   65    1.9411934008e-03    2.9864513858e-05
     zn64    30   34   64    2.8375636540e-03    4.4336932094e-05
     zn66    30   36   66    5.7783157626e-03    8.7550238827e-05
     zn67    30   37   67    9.3456909997e-04    1.3948792537e-05
     zn68    30   38   68    1.6201052404e-02    2.3825077064e-04
     zn70    30   40   70    3.2539344935e-03    4.6484778479e-05
     ga69    31   38   69    1.2381684450e-03    1.7944470217e-05
     ga71    31   40   71    3.9580755588e-03    5.5747543081e-05
     ge70    32   38   70    7.4609334678e-07    1.0658476383e-08
     ge72    32   40   72    8.9835341445e-03    1.2477130756e-04
     ge73    32   41   73    4.2862737499e-03    5.8716078766e-05
     ge74    32   42   74    5.2221935490e-03    7.0570183095e-05
     ge76    32   44   76    6.5722829717e-03    8.6477407522e-05
     as75    33   42   75    2.0579921902e-03    2.7439895870e-05
     se74    34   40   74    5.4735972078e-08    7.3967529835e-10
     se76    34   42   76    3.2082773486e-09    4.2214175639e-11
     se77    34   43   77    5.9164549785e-03    7.6837077643e-05
     se78    34   44   78    1.0028429632e-01    1.2856961067e-03
     se80    34   46   80    9.5612861463e-02    1.1951607683e-03
     se82    34   48   82    7.4443675096e-03    9.0784969629e-05
     br79    35   44   79    2.3562931156e-02    2.9826495134e-04
     br81    35   46   81    6.3444829614e-02    7.8326950141e-04
     kr78    36   42   78    5.7552908375e-09    7.3785779968e-11
     kr80    36   44   80    6.7425103350e-11    8.4281379188e-13
     kr82    36   46   82    3.0426797727e-10    3.7105850887e-12
     kr83    36   47   83    3.7475029049e-03    4.5150637408e-05
     kr84    36   48   84    1.9581313955e-02    2.3311088041e-04
     kr86    36   50   86    5.8224950959e-03    6.7703431347e-05
     rb85    37   48   85    8.6325073809e-03    1.0155891036e-04
     rb87    37   50   87    9.5792472413e-03    1.1010629013e-04
     sr84    38   46   84    1.0397386488e-10    1.2377841057e-12
     sr86    38   48   86    1.7370797137e-11    2.0198601323e-13
     sr87    38   49   87    6.4550708084e-12    7.4196216188e-14
     sr88    38   50   88    3.1788968002e-03    3.6123827275e-05
     y89     39   50   89    1.8207052494e-03    2.0457362353e-05
     zr90    40   50   90    5.2203023635e-03    5.8003359595e-05
     zr91    40   51   91    6.6252671686e-03    7.2805133721e-05
     zr92    40   52   92    4.9223838090e-03    5.3504171837e-05
     zr94    40   54   94    3.0819502912e-03    3.2786705226e-05
     zr96    40   56   96    3.1904195970e-03    3.3233537469e-05
     nb93    41   52   93    1.3758219467e-03    1.4793784373e-05
     mo92    42   50   92    3.5928804055e-10    3.9053047886e-12
     mo94    42   52   94    1.2639216377e-14    1.3445974869e-16
     mo95    42   53   95    6.0315692695e-03    6.3490202836e-05
     mo96    42   54   96    2.0683472059e-05    2.1545283395e-07
     mo97    42   55   97    2.2914554227e-03    2.3623251780e-05
     mo98    42   56   98    5.9130963158e-03    6.0337717508e-05
     mo100   42   58  100    1.9718864113e-03    1.9718864113e-05
     ru96    44   52   96    7.8774076507e-15    8.2056329695e-17
     ru98    44   54   98    2.1317690933e-16    2.1752745850e-18
     ru99    44   55   99    4.0589181165e-03    4.0999172894e-05
     ru100   44   56  100    6.4975656431e-15    6.4975656431e-17
     ru101   44   57  101    1.4964134415e-03    1.4815974668e-05
     ru102   44   58  102    1.3416152582e-03    1.3153090766e-05
     ru104   44   60  104    3.3923217338e-03    3.2618478210e-05
     rh103   45   58  103    2.5470548263e-03    2.4728687634e-05
     pd102   46   56  102    9.3776654693e-16    9.1937896758e-18
     pd104   46   58  104    5.2717260740e-16    5.0689673789e-18
     pd105   46   59  105    4.0339296655e-03    3.8418377767e-05
     pd106   46   60  106    2.8067156283e-03    2.6478449324e-05
     pd108   46   62  108    5.9374750403e-03    5.4976620743e-05
     pd110   46   64  110    4.3113758787e-03    3.9194326170e-05
     ag107   47   60  107    3.5967247826e-03    3.3614250304e-05
     ag109   47   62  109    4.1121296691e-03    3.7725960267e-05
     cd106   48   58  106    2.2853684923e-16    2.1560080116e-18
     cd108   48   60  108    3.6486652104e-16    3.3783937134e-18
     cd110   48   62  110    9.8445402624e-16    8.9495820567e-18
     cd111   48   63  111    5.9186975318e-03    5.3321599386e-05
     cd112   48   64  112    2.2094317108e-03    1.9727068846e-05
     cd113   48   65  113    6.3926616870e-04    5.6572227319e-06
     cd114   48   66  114    2.6692894823e-04    2.3414820020e-06
     cd116   48   68  116    2.0339958366e-04    1.7534446867e-06
     in113   49   64  113    1.4298912500e-17    1.2653904867e-19
     in115   49   66  115    1.8455696882e-04    1.6048432072e-06
     sn112   50   62  112    2.0009775980e-15    1.7865871411e-17
     sn114   50   64  114    2.5978171386e-15    2.2787869637e-17
     sn115   50   65  115    9.8816715711e-17    8.5927578879e-19
     sn116   50   66  116    5.4218324638e-15    4.6739935033e-17
     sn117   50   67  117    1.5837180047e-04    1.3536051322e-06
     sn118   50   68  118    1.6088821396e-04    1.3634594403e-06
     sn119   50   69  119    1.4497848679e-04    1.2183066117e-06
     sn120   50   70  120    1.2918967149e-04    1.0765805958e-06
     sn122   50   72  122    2.2601423514e-04    1.8525756978e-06
     sn124   50   74  124    1.1433198085e-03    9.2203210362e-06
     sb121   51   70  121    2.1950359654e-04    1.8140793103e-06
     sb123   51   72  123    5.2796731869e-04    4.2924172251e-06
     te120   52   68  120    2.8201192763e-16    2.3500993970e-18
     te122   52   70  122    1.0356875848e-16    8.4892424982e-19
     te123   52   71  123    1.5858468802e-17    1.2893064066e-19
     te124   52   72  124    1.6642329019e-16    1.3421233080e-18
     te125   52   73  125    3.9694846778e-03    3.1755877423e-05
     te126   52   74  126    1.1658590192e-02    9.2528493590e-05
     te128   52   76  128    3.5203952958e-02    2.7503088249e-04
     te130   52   78  130    1.6917532679e-02    1.3013486676e-04
     i127    53   74  127    1.7604250035e-02    1.3861614201e-04
     xe124   54   70  124    6.3446173079e-16    5.1166268612e-18
     xe126   54   72  126    5.0448354863e-16    4.0038376875e-18
     xe128   54   74  128    6.9115699171e-16    5.3996639978e-18
     xe129   54   75  129    2.1743259341e-02    1.6855239799e-04
     xe130   54   76  130    5.2071674085e-16    4.0055133912e-18
     xe131   54   77  131    5.3805880850e-03    4.1073191489e-05
     xe132   54   78  132    6.6362525795e-03    5.0274640753e-05
     xe134   54   80  134    1.5013945967e-03    1.1204437289e-05
     xe136   54   82  136    4.7855157177e-04    3.5187615572e-06
     cs133   55   78  133    9.1809098373e-04    6.9029397273e-06
     ba130   56   74  130    6.7501267487e-16    5.1924051913e-18
     ba132   56   76  132    3.9338311808e-16    2.9801751369e-18
     ba134   56   78  134    4.7489217951e-16    3.5439714889e-18
     ba135   56   79  135    3.9476895401e-04    2.9242144741e-06
     ba136   56   80  136    5.9965461676e-16    4.4092251232e-18
     ba137   56   81  137    1.7264973424e-04    1.2602170383e-06
     ba138   56   82  138    3.5612056320e-04    2.5805837913e-06
     la138   57   81  138    1.4004693642e-18    1.0148328726e-20
     la139   57   82  139    8.3050739315e-05    5.9748733320e-07
     ce136   58   78  136    9.6057961787e-16    7.0630854255e-18
     ce138   58   80  138    7.5907638688e-16    5.5005535281e-18
     ce140   58   82  140    1.9392918809e-04    1.3852084864e-06
     ce142   58   84  142    8.3237790995e-05    5.8618162672e-07
     pr141   59   82  141    2.0983684839e-04    1.4882045985e-06
     nd142   60   82  142    7.8555815099e-15    5.5320996549e-17
     nd143   60   83  143    9.3014083230e-05    6.5044813447e-07
     nd144   60   84  144    1.6396888279e-04    1.1386727971e-06
     nd145   60   85  145    1.1925733062e-04    8.2246434908e-07
     nd146   60   86  146    2.0670347438e-04    1.4157772218e-06
     nd148   60   88  148    1.6716529631e-04    1.1294952453e-06
     nd150   60   90  150    2.7255600016e-04    1.8170400010e-06
     sm144   62   82  144    3.6573563962e-16    2.5398308307e-18
     sm147   62   85  147    2.2974700126e-04    1.5629047705e-06
     sm148   62   86  148    2.5476025467e-19    1.7213530721e-21
     sm149   62   87  149    4.9794707417e-04    3.3419266723e-06
     sm150   62   88  150    2.4829302034e-18    1.6552868022e-20
     sm152   62   90  152    3.5228135330e-04    2.3176404822e-06
     sm154   62   92  154    3.9314129436e-04    2.5528655478e-06
     eu151   63   88  151    3.1958347948e-04    2.1164468840e-06
     eu153   63   90  153    3.6547004691e-04    2.3886931170e-06
     gd152   64   88  152    6.3103486134e-18    4.1515451404e-20
     gd154   64   90  154    2.8874165438e-18    1.8749458077e-20
     gd155   64   91  155    5.0793212021e-04    3.2769814207e-06
     gd156   64   92  156    5.2712713628e-04    3.3790201043e-06
     gd157   64   93  157    1.1394857658e-03    7.2578711195e-06
     gd158   64   94  158    1.0907696541e-03    6.9036054060e-06
     gd160   64   96  160    1.0006810179e-03    6.2542563616e-06
     tb159   65   94  159    1.2444827310e-03    7.8269354151e-06
     dy156   66   90  156    1.8372298702e-16    1.1777114553e-18
     dy158   66   92  158    5.7053552730e-17    3.6109843500e-19
     dy160   66   94  160    2.2763569418e-16    1.4227230886e-18
     dy161   66   95  161    1.1105599286e-03    6.8978877552e-06
     dy162   66   96  162    9.1277292878e-04    5.6344007949e-06
     dy163   66   97  163    8.5518167997e-04    5.2465133741e-06
     dy164   66   98  164    8.6538064700e-04    5.2767112622e-06
     ho165   67   98  165    6.7682945307e-04    4.1019966853e-06
     er162   68   94  162    3.1593235470e-16    1.9501997204e-18
     er164   68   96  164    4.9938044809e-17    3.0450027323e-19
     er166   68   98  166    5.7446361258e-04    3.4606241722e-06
     er167   68   99  167    7.2915018492e-04    4.3661687720e-06
     er168   68  100  168    5.7229753345e-04    3.4065329372e-06
     er170   68  102  170    3.1247861594e-04    1.8381095055e-06
     tm169   69  100  169    4.8258196709e-04    2.8555145982e-06
     yb168   70   98  168    3.3374773544e-16    1.9865936634e-18
     yb170   70  100  170    1.9558888422e-17    1.1505228483e-19
     yb171   70  101  171    3.9880554993e-04    2.3321961984e-06
     yb172   70  102  172    3.7957022991e-04    2.2068036623e-06
     yb173   70  103  173    3.8906542791e-04    2.2489331093e-06
     yb174   70  104  174    3.5006153557e-04    2.0118479056e-06
     yb176   70  106  176    2.4410864325e-04    1.3869809275e-06
     lu175   71  104  175    3.9085326994e-04    2.2334472568e-06
     lu176   71  105  176    7.0934854269e-17    4.0303894471e-19
     hf174   72  102  174    1.0404620531e-16    5.9796669718e-19
     hf176   72  104  176    5.5023576954e-18    3.1263395997e-20
     hf177   72  105  177    2.9643970944e-04    1.6748006183e-06
     hf178   72  106  178    2.1842572415e-04    1.2271108099e-06
     hf179   72  107  179    2.4541800501e-04    1.3710503073e-06
     hf180   72  108  180    1.7386298658e-04    9.6590548099e-07
     ta180   73  107  180    4.2002609800e-18    2.3334783222e-20
     ta181   73  108  181    2.3652013227e-04    1.3067410622e-06
     w180    74  106  180    2.8889976989e-16    1.6049987216e-18
     w182    74  108  182    2.9622682189e-04    1.6276199005e-06
     w183    74  109  183    2.1164432567e-04    1.1565263698e-06
     w184    74  110  184    1.9084025178e-04    1.0371752814e-06
     w186    74  112  186    5.9807656198e-04    3.2154653870e-06
     re185   75  110  185    3.0304645746e-04    1.6380889592e-06
     re187   75  112  187    1.1992802973e-03    6.4132636222e-06
     os184   76  108  184    9.1685602927e-17    4.9829132025e-19
     os186   76  110  186    8.0510350142e-18    4.3285134485e-20
     os187   76  111  187    1.1375429085e-18    6.0831171579e-21
     os188   76  112  188    1.0887337878e-03    5.7911371691e-06
     os189   76  113  189    3.7787436358e-03    1.9993352570e-05
     os190   76  114  190    9.2182374985e-03    4.8517039466e-05
     os192   76  116  192    1.6542912602e-02    8.6161003133e-05
     ir191   77  114  191    1.8679642181e-02    9.7799173724e-05
     ir193   77  116  193    1.7405107169e-02    9.0181902432e-05
     pt190   78  112  190    5.0272360934e-17    2.6459137334e-19
     pt192   78  114  192    2.0346572348e-17    1.0597173098e-19
     pt194   78  116  194    6.0899273268e-03    3.1391377973e-05
     pt195   78  117  195    2.6900408510e-03    1.3795081287e-05
     pt196   78  118  196    5.2065680164e-04    2.6564122533e-06
     pt198   78  120  198    1.8388833658e-04    9.2872897260e-07
     au197   79  118  197    1.6586006828e-04    8.4192928063e-07
     hg196   80  116  196    3.2006712692e-14    1.6329955455e-16
     hg198   80  118  198    1.2334869858e-15    6.2297322516e-18
     hg199   80  119  199    2.6415417607e-04    1.3274079199e-06
     hg200   80  120  200    3.3002530366e-04    1.6501265183e-06
     hg201   80  121  201    2.0850785137e-04    1.0373524944e-06
     hg202   80  122  202    6.5886525773e-04    3.2617091967e-06
     hg204   80  124  204    4.4157527831e-04    2.1645846976e-06
     tl203   81  122  203    2.3135399222e-04    1.1396748385e-06
     tl205   81  124  205    2.1747393080e-04    1.0608484429e-06
     pb204   82  122  204    3.3678706689e-13    1.6509169945e-15
     pb206   82  124  206    5.4269789686e-04    2.6344558100e-06
     pb207   82  125  207    5.4527941673e-04    2.6342000808e-06
     pb208   82  126  208    3.5221314661e-04    1.6933324356e-06
     bi209   83  126  209    4.6712798463e-04    2.2350621274e-06
     th232   90  142  232    6.8975668770e-04    2.9730891711e-06
     u235    92  143  235    9.5863056003e-04    4.0792789788e-06
     u238    92  146  238    2.8803685192e-03    1.2102388736e-05
