#1 ---------------------------------------------------------------- 1#
#2     Nucleosynthesis yields of B12TW1.00 model                    2#
#3     Nishimura, Takiwaki and Thielemann, ApJ 810:109 (2015)       3#
#4     Total ejecta:     4.37000e-02  in Solar Mass                 4#
#5 ---------------------------------------------------------------- 5#
#6   name     Z    N    A    X                   Y                  6#
#7 ---------------------------------------------------------------- 7#
     h1       1    0    1    1.0004744191e-05    1.0004744191e-05
     h2       1    1    2    2.6014799539e-14    1.3007399769e-14
     he3      2    1    3    9.3884934670e-13    3.1294978223e-13
     he4      2    2    4    5.6241331984e-02    1.4060332996e-02
     li6      3    3    6    2.6465748913e-14    4.4109581522e-15
     li7      3    4    7    3.3553398682e-13    4.7933426689e-14
     be9      4    5    9    1.6759767450e-16    1.8621963833e-17
     b10      5    5   10    1.1273834555e-14    1.1273834555e-15
     b11      5    6   11    1.0576921902e-10    9.6153835475e-12
     c12      6    6   12    1.6076881216e-05    1.3397401013e-06
     c13      6    7   13    5.2975881424e-09    4.0750678019e-10
     n14      7    7   14    9.1523186256e-08    6.5373704469e-09
     n15      7    8   15    3.2857988860e-07    2.1905325907e-08
     o16      8    8   16    3.1749000052e-06    1.9843125032e-07
     o17      8    9   17    6.8681463288e-06    4.0400860758e-07
     o18      8   10   18    7.0987306403e-05    3.9437392446e-06
     f19      9   10   19    4.0271853063e-05    2.1195712138e-06
     ne20    10   10   20    1.0149015930e-05    5.0745079652e-07
     ne21    10   11   21    4.9069724077e-06    2.3366535275e-07
     ne22    10   12   22    3.1027641354e-04    1.4103473343e-05
     na23    11   12   23    6.1214499071e-07    2.6614999596e-08
     mg24    12   12   24    1.8873448622e-07    7.8639369258e-09
     mg25    12   13   25    5.8395589583e-06    2.3358235833e-07
     mg26    12   14   26    6.3008177510e-06    2.4233914427e-07
     al27    13   14   27    6.4119771225e-07    2.3748063417e-08
     si28    14   14   28    3.3585459069e-06    1.1994806810e-07
     si29    14   15   29    2.5728159645e-06    8.8717791880e-08
     si30    14   16   30    2.1210750991e-05    7.0702503302e-07
     p31     15   16   31    3.1704516265e-06    1.0227263311e-07
     s32     16   16   32    8.3424632423e-06    2.6070197632e-07
     s33     16   17   33    2.5527682040e-06    7.7356612244e-08
     s34     16   18   34    5.0152663822e-05    1.4750783477e-06
     s36     16   20   36    1.3432700835e-06    3.7313057874e-08
     cl35    17   18   35    1.2740497051e-05    3.6401420146e-07
     cl37    17   20   37    4.6986500272e-06    1.2699054128e-07
     ar36    18   18   36    1.7210817013e-05    4.7807825036e-07
     ar38    18   20   38    1.2163009338e-05    3.2007919312e-07
     ar40    18   22   40    3.6977648344e-06    9.2444120860e-08
     k39     19   20   39    1.2752118941e-05    3.2697740875e-07
     k40     19   21   40    1.0373639014e-08    2.5934097534e-10
     k41     19   22   41    1.7148098882e-05    4.1824631419e-07
     ca40    20   20   40    3.4637139937e-04    8.6592849842e-06
     ca42    20   22   42    2.1668012254e-05    5.1590505366e-07
     ca43    20   23   43    7.2778981068e-06    1.6925344434e-07
     ca44    20   24   44    1.2437826964e-04    2.8267788555e-06
     ca46    20   26   46    1.3783661879e-05    2.9964482345e-07
     ca48    20   28   48    2.2658077066e-02    4.7204327221e-04
     sc45    21   24   45    9.1349358848e-06    2.0299857522e-07
     ti46    22   24   46    1.2919133518e-05    2.8085072864e-07
     ti47    22   25   47    5.5010814272e-05    1.1704428569e-06
     ti48    22   26   48    2.2415420015e-04    4.6698791699e-06
     ti49    22   27   49    2.3963836497e-03    4.8905788770e-05
     ti50    22   28   50    3.1720346081e-02    6.3440692162e-04
     v50     23   27   50    3.8600404847e-09    7.7200809695e-11
     v51     23   28   51    1.1483329143e-02    2.2516331654e-04
     cr50    24   26   50    8.1977606914e-05    1.6395521383e-06
     cr52    24   28   52    2.5871930441e-02    4.9753712387e-04
     cr53    24   29   53    6.9408432553e-03    1.3095930670e-04
     cr54    24   30   54    5.1041638228e-03    9.4521552274e-05
     mn55    25   30   55    1.2143873295e-03    2.2079769628e-05
     fe54    26   28   54    5.7708194857e-03    1.0686702751e-04
     fe56    26   30   56    2.5513355055e-01    4.5559562598e-03
     fe57    26   31   57    7.9256080850e-03    1.3904575588e-04
     fe58    26   32   58    4.5950348654e-03    7.9224739059e-05
     co59    27   32   59    6.4307324486e-03    1.0899546523e-04
     ni58    28   30   58    5.9017661271e-02    1.0175458840e-03
     ni60    28   32   60    5.1646677835e-02    8.6077796392e-04
     ni61    28   33   61    1.4954968064e-03    2.4516341088e-05
     ni62    28   34   62    1.3942160415e-02    2.2487355508e-04
     ni64    28   36   64    7.0715193872e-03    1.1049249042e-04
     cu63    29   34   63    8.0987842668e-04    1.2855213122e-05
     cu65    29   36   65    1.0129779698e-03    1.5584276459e-05
     zn64    30   34   64    2.0337205646e-02    3.1776883821e-04
     zn66    30   36   66    9.1695210268e-03    1.3893213677e-04
     zn67    30   37   67    5.2100632871e-04    7.7762138614e-06
     zn68    30   38   68    1.1603154838e-02    1.7063462997e-04
     zn70    30   40   70    9.2753503590e-03    1.3250500513e-04
     ga69    31   38   69    7.3209491946e-04    1.0610071296e-05
     ga71    31   40   71    8.1977306348e-04    1.1546099486e-05
     ge70    32   38   70    8.1288909735e-05    1.1612701391e-06
     ge72    32   40   72    5.9882390009e-03    8.3169986124e-05
     ge73    32   41   73    1.5662901475e-03    2.1456029417e-05
     ge74    32   42   74    2.3895708176e-03    3.2291497535e-05
     ge76    32   44   76    1.1537531234e-02    1.5180962151e-04
     as75    33   42   75    2.6786352779e-03    3.5715137038e-05
     se74    34   40   74    1.3522670294e-05    1.8273878776e-07
     se76    34   42   76    5.2741039093e-06    6.9396104069e-08
     se77    34   43   77    2.5129431926e-03    3.2635625878e-05
     se78    34   44   78    3.6742605635e-02    4.7105904660e-04
     se80    34   46   80    3.9000458358e-02    4.8750572948e-04
     se82    34   48   82    3.2384997970e-02    3.9493899963e-04
     br79    35   44   79    1.1135774515e-02    1.4095917108e-04
     br81    35   46   81    3.5286262576e-02    4.3563287131e-04
     kr78    36   42   78    3.0242161883e-06    3.8772002415e-08
     kr80    36   44   80    3.3160658947e-07    4.1450823684e-09
     kr82    36   46   82    9.4521533720e-07    1.1527016307e-08
     kr83    36   47   83    6.3929512868e-03    7.7023509480e-05
     kr84    36   48   84    1.6375944509e-02    1.9495172035e-04
     kr86    36   50   86    2.0131918983e-03    2.3409208120e-05
     rb85    37   48   85    4.3148471246e-03    5.0762907349e-05
     rb87    37   50   87    2.8622811796e-03    3.2899783674e-05
     sr84    38   46   84    2.3555066569e-07    2.8041745915e-09
     sr86    38   48   86    2.0765011429e-07    2.4145362126e-09
     sr87    38   49   87    1.5626432785e-07    1.7961416994e-09
     sr88    38   50   88    2.0258657699e-03    2.3021201930e-05
     y89     39   50   89    8.3174761786e-04    9.3454788523e-06
     zr90    40   50   90    1.8075645940e-03    2.0084051045e-05
     zr91    40   51   91    1.8905609197e-03    2.0775394722e-05
     zr92    40   52   92    1.5999535533e-03    1.7390799493e-05
     zr94    40   54   94    8.4307996262e-04    8.9689357725e-06
     zr96    40   56   96    1.2327118442e-03    1.2840748377e-05
     nb93    41   52   93    5.1417546260e-04    5.5287684151e-06
     mo92    42   50   92    1.9384911976e-06    2.1070556496e-08
     mo94    42   52   94    3.0434624391e-09    3.2377259991e-11
     mo95    42   53   95    1.8266004485e-03    1.9227373143e-05
     mo96    42   54   96    8.2908259823e-06    8.6362770648e-08
     mo97    42   55   97    7.3423995970e-04    7.5694841206e-06
     mo98    42   56   98    1.4206057472e-03    1.4495977012e-05
     mo100   42   58  100    5.6714122497e-04    5.6714122497e-06
     ru96    44   52   96    1.0205422173e-10    1.0630648097e-12
     ru98    44   54   98    3.4738530909e-13    3.5447480520e-15
     ru99    44   55   99    1.0239185768e-03    1.0342611886e-05
     ru100   44   56  100    6.5902629284e-15    6.5902629284e-17
     ru101   44   57  101    5.0178612697e-04    4.9681794750e-06
     ru102   44   58  102    5.4920945001e-04    5.3844063727e-06
     ru104   44   60  104    1.0180174619e-03    9.7886294410e-06
     rh103   45   58  103    9.7778167673e-04    9.4930259877e-06
     pd102   46   56  102    8.1261958973e-15    7.9668587228e-17
     pd104   46   58  104    3.5742221386e-16    3.4367520563e-18
     pd105   46   59  105    1.3772340555e-03    1.3116514814e-05
     pd106   46   60  106    1.0428742803e-03    9.8384366067e-06
     pd108   46   62  108    2.1703479056e-03    2.0095813941e-05
     pd110   46   64  110    1.3272899845e-03    1.2066272587e-05
     ag107   47   60  107    1.3694193363e-03    1.2798311554e-05
     ag109   47   62  109    1.5148933403e-03    1.3898104039e-05
     cd106   48   58  106    5.8067772130e-15    5.4780917104e-17
     cd108   48   60  108    1.0686628537e-15    9.8950264236e-18
     cd110   48   62  110    3.5562382655e-16    3.2329438777e-18
     cd111   48   63  111    1.7297079491e-03    1.5582954496e-05
     cd112   48   64  112    6.6687808188e-04    5.9542685882e-06
     cd113   48   65  113    2.1551192220e-04    1.9071851522e-06
     cd114   48   66  114    1.0215541233e-04    8.9610010812e-07
     cd116   48   68  116    7.8510175919e-05    6.7681186137e-07
     in113   49   64  113    5.7709797877e-16    5.1070617590e-18
     in115   49   66  115    7.4891259598e-05    6.5122834433e-07
     sn112   50   62  112    1.1358494013e-14    1.0141512512e-16
     sn114   50   64  114    3.3048347405e-15    2.8989778426e-17
     sn115   50   65  115    6.1067522236e-16    5.3102193249e-18
     sn116   50   66  116    1.9740080946e-15    1.7017311160e-17
     sn117   50   67  117    5.9751142802e-05    5.1069352822e-07
     sn118   50   68  118    6.0780982531e-05    5.1509307230e-07
     sn119   50   69  119    5.8602178699e-05    4.9245528318e-07
     sn120   50   70  120    5.5265994911e-05    4.6054995759e-07
     sn122   50   72  122    1.2918231819e-04    1.0588714606e-06
     sn124   50   74  124    7.4337216043e-04    5.9949367777e-06
     sb121   51   70  121    1.1011540517e-04    9.1004467087e-07
     sb123   51   72  123    3.2973406252e-04    2.6807647359e-06
     te120   52   68  120    1.3149968301e-15    1.0958306917e-17
     te122   52   70  122    3.8774933577e-17    3.1782732440e-19
     te123   52   71  123    9.1469184543e-17    7.4365190685e-19
     te124   52   72  124    1.3211083413e-16    1.0654099526e-18
     te125   52   73  125    2.7858872898e-03    2.2287098318e-05
     te126   52   74  126    7.7281962548e-03    6.1334890911e-05
     te128   52   76  128    2.3202001562e-02    1.8126563720e-04
     te130   52   78  130    1.2864230106e-02    9.8955616197e-05
     i127    53   74  127    1.1534425384e-02    9.0822247122e-05
     xe124   54   70  124    3.9215062571e-15    3.1625050460e-17
     xe126   54   72  126    3.0796405816e-16    2.4441591917e-18
     xe128   54   74  128    1.0604674174e-16    8.2849016987e-19
     xe129   54   75  129    1.6538851348e-02    1.2820814999e-04
     xe130   54   76  130    4.7659267446e-16    3.6660974959e-18
     xe131   54   77  131    2.7126894197e-03    2.0707552822e-05
     xe132   54   78  132    6.1073433370e-03    4.6267752553e-05
     xe134   54   80  134    8.5234040490e-04    6.3607492903e-06
     xe136   54   82  136    6.3701884124e-04    4.6839620679e-06
     cs133   55   78  133    6.4670107798e-04    4.8624141201e-06
     ba130   56   74  130    6.3477862173e-15    4.8829124748e-17
     ba132   56   76  132    1.5487471047e-16    1.1732932611e-18
     ba134   56   78  134    8.5866131048e-17    6.4079202275e-19
     ba135   56   79  135    5.0027427937e-04    3.7057354027e-06
     ba136   56   80  136    1.2376711853e-15    9.1005234210e-18
     ba137   56   81  137    8.9251607680e-05    6.5147158891e-07
     ba138   56   82  138    2.2293390169e-04    1.6154630557e-06
     la138   57   81  138    2.9989485962e-18    2.1731511567e-20
     la139   57   82  139    5.2646360764e-05    3.7875079686e-07
     ce136   58   78  136    6.4031404784e-15    4.7081915283e-17
     ce138   58   80  138    3.1744291182e-16    2.3003109552e-18
     ce140   58   82  140    9.3980815263e-05    6.7129153759e-07
     ce142   58   84  142    4.8320011975e-05    3.4028177447e-07
     pr141   59   82  141    6.0957515035e-05    4.3232280166e-07
     nd142   60   82  142    6.5382048757e-14    4.6043696308e-16
     nd143   60   83  143    5.6196948386e-05    3.9298565305e-07
     nd144   60   84  144    7.7719787202e-05    5.3972074446e-07
     nd145   60   85  145    6.4072081400e-05    4.4187642345e-07
     nd146   60   86  146    1.3910600972e-04    9.5278088848e-07
     nd148   60   88  148    8.7265667110e-05    5.8963288588e-07
     nd150   60   90  150    1.9083644531e-04    1.2722429688e-06
     sm144   62   82  144    4.8479812965e-14    3.3666536781e-16
     sm147   62   85  147    1.4906476729e-04    1.0140460360e-06
     sm148   62   86  148    1.4875518418e-18    1.0051025958e-20
     sm149   62   87  149    3.6243164926e-04    2.4324271762e-06
     sm150   62   88  150    1.9237534387e-18    1.2825022925e-20
     sm152   62   90  152    1.9294040818e-04    1.2693447907e-06
     sm154   62   92  154    2.0687665746e-04    1.3433549186e-06
     eu151   63   88  151    1.6729109705e-04    1.1078880599e-06
     eu153   63   90  153    2.0805587856e-04    1.3598423435e-06
     gd152   64   88  152    6.9811792292e-17    4.5928810718e-19
     gd154   64   90  154    5.3885093949e-18    3.4990320746e-20
     gd155   64   91  155    3.1586293590e-04    2.0378253929e-06
     gd156   64   92  156    3.0681990312e-04    1.9667942507e-06
     gd157   64   93  157    6.3318361750e-04    4.0330166720e-06
     gd158   64   94  158    6.7517370690e-04    4.2732513095e-06
     gd160   64   96  160    5.6060591554e-04    3.5037869722e-06
     tb159   65   94  159    8.1694974569e-04    5.1380487150e-06
     dy156   66   90  156    2.1452205777e-15    1.3751413960e-17
     dy158   66   92  158    5.0900372150e-17    3.2215425411e-19
     dy160   66   94  160    5.6538191125e-16    3.5336369453e-18
     dy161   66   95  161    6.2489700946e-04    3.8813478848e-06
     dy162   66   96  162    5.9566995957e-04    3.6769750590e-06
     dy163   66   97  163    5.9544152931e-04    3.6530155172e-06
     dy164   66   98  164    5.7651187482e-04    3.5153163099e-06
     ho165   67   98  165    4.1186776344e-04    2.4961682633e-06
     er162   68   94  162    2.6870912048e-15    1.6586982746e-17
     er164   68   96  164    1.4958374480e-16    9.1209600487e-19
     er166   68   98  166    2.6976611135e-04    1.6250970563e-06
     er167   68   99  167    3.4344989664e-04    2.0565862074e-06
     er168   68  100  168    3.2490897434e-04    1.9339819901e-06
     er170   68  102  170    1.8343149791e-04    1.0790088112e-06
     tm169   69  100  169    2.9925064623e-04    1.7707138830e-06
     yb168   70   98  168    1.1935480783e-15    7.1044528468e-18
     yb170   70  100  170    5.9937694176e-16    3.5257467162e-18
     yb171   70  101  171    2.6860692800e-04    1.5708007485e-06
     yb172   70  102  172    2.2385663969e-04    1.3014920912e-06
     yb173   70  103  173    2.0427275294e-04    1.1807673580e-06
     yb174   70  104  174    1.6911653531e-04    9.7193411097e-07
     yb176   70  106  176    1.3557335587e-04    7.7030315838e-07
     lu175   71  104  175    1.8901601649e-04    1.0800915228e-06
     lu176   71  105  176    1.5807473780e-17    8.9815191933e-20
     hf174   72  102  174    2.1703479056e-16    1.2473263826e-18
     hf176   72  104  176    6.2657216466e-17    3.5600691174e-19
     hf177   72  105  177    1.9189443807e-04    1.0841493676e-06
     hf178   72  106  178    1.3446627065e-04    7.5542848680e-07
     hf179   72  107  179    1.4327185620e-04    8.0040143126e-07
     hf180   72  108  180    9.3898560334e-05    5.2165866852e-07
     ta180   73  107  180    1.2424101111e-18    6.9022783952e-21
     ta181   73  108  181    1.1700037319e-04    6.4641090159e-07
     w180    74  106  180    6.4506098883e-16    3.5836721602e-18
     w182    74  108  182    1.7053019798e-04    9.3697910977e-07
     w183    74  109  183    1.3422080832e-04    7.3344703998e-07
     w184    74  110  184    1.1487737447e-04    6.2433355688e-07
     w186    74  112  186    2.6663321045e-04    1.4335118842e-06
     re185   75  110  185    1.5743653573e-04    8.5100830125e-07
     re187   75  112  187    4.5362641693e-04    2.4258097162e-06
     os184   76  108  184    3.0093281463e-16    1.6355044274e-18
     os186   76  110  186    1.1210415103e-16    6.0271048940e-19
     os187   76  111  187    3.4559593877e-18    1.8481066244e-20
     os188   76  112  188    4.2079457732e-04    2.2382690283e-06
     os189   76  113  189    8.2407516660e-04    4.3601860667e-06
     os190   76  114  190    2.2455896253e-03    1.1818892765e-05
     os192   76  116  192    4.4749486800e-03    2.3307024375e-05
     ir191   77  114  191    4.5034223108e-03    2.3578127282e-05
     ir193   77  116  193    5.1044142945e-03    2.6447742459e-05
     pt190   78  112  190    1.5295208916e-16    8.0501099559e-19
     pt192   78  114  192    1.5161156425e-16    7.8964356380e-19
     pt194   78  116  194    2.5565653561e-03    1.3178171939e-05
     pt195   78  117  195    1.3036354306e-03    6.6853099005e-06
     pt196   78  118  196    2.1801463613e-04    1.1123195721e-06
     pt198   78  120  198    8.8317047412e-05    4.4604569400e-07
     au197   79  118  197    8.6480888961e-05    4.3898928406e-07
     hg196   80  116  196    5.8604983982e-14    2.9900502032e-16
     hg198   80  118  198    6.3453516317e-15    3.2047230463e-17
     hg199   80  119  199    6.4831712184e-05    3.2578749841e-07
     hg200   80  120  200    2.1921389496e-05    1.0960694748e-07
     hg201   80  121  201    1.6996413178e-05    8.4559269541e-08
     hg202   80  122  202    1.8350864321e-05    9.0845862976e-08
     hg204   80  124  204    2.5182231375e-05    1.2344231066e-07
     tl203   81  122  203    9.2269491942e-06    4.5452951696e-08
     tl205   81  124  205    1.5544378233e-05    7.5826235283e-08
     pb204   82  122  204    7.3375103880e-13    3.5968188177e-15
     pb206   82  124  206    3.2783448462e-05    1.5914295370e-07
     pb207   82  125  207    3.8658013354e-05    1.8675368770e-07
     pb208   82  126  208    5.7963175119e-05    2.7866911115e-07
     bi209   83  126  209    4.9514862507e-05    2.3691321774e-07
     th232   90  142  232    5.2652372086e-05    2.2694987968e-07
     u235    92  143  235    8.4603552950e-05    3.6001511894e-07
     u238    92  146  238    2.6749082579e-05    1.1239110328e-07
