0 1.2569664e-24
1 7.2488563e-07
2 5.8007991e-04
3 1.7297801e-10
4 1.7216157e-07
5 3.3620458e-08
6 5.4904210e-08
7 4.1685522e-07
8 1.1378671e-07
9 9.7930534e-08
10 3.1617774e-07
11 6.9935009e-09
12 4.2149766e-08
13 3.8945393e-09
14 1.5589214e-08
15 2.0886885e-09
16 2.6527833e-08
17 1.0856037e-08
18 9.6088345e-09
19 5.0418813e-09
20 1.3710988e-07
21 3.7024617e-08
22 4.5805296e-07
23 1.2373895e-07
24 8.6487248e-06
25 1.4432219e-07
26 1.6418782e-06
27 2.6325961e-07
28 6.0554481e-06
29 4.4062144e-06
30 8.3219215e-06
31 6.0782795e-06
32 8.8829119e-05
33 4.2957154e-05
34 1.1155311e-03
35 6.3043180e-04
36 6.0418083e-04
37 1.8054646e-04
38 1.2042366e-04
39 6.3092479e-05
40 2.6685900e-04
41 4.5675240e-05
42 2.7020838e-04
43 1.1886341e-13
44 1.6332933e-04
45 5.9070441e-05
46 3.0161134e-04
47 1.5750210e-04
48 2.0064504e-04
49 5.6439445e-06
50 6.3922805e-05
51 4.1382820e-05
52 1.1894836e-03
53 3.5334862e-04
54 1.7173214e-03
55 1.3922361e-04
56 1.7946576e-04
57 7.7602375e-06
58 1.5415883e-05
59 5.4897013e-06
60 1.3466574e-05
61 2.7661179e-21
62 1.0760973e-05
63 5.3124942e-06
64 2.1626972e-05
65 5.2197640e-06
66 4.1015231e-05
67 9.5325572e-06
68 2.8234115e-05
69 3.9518396e-06
70 2.5039116e-05
71 3.6577540e-06
72 1.6624635e-05
73 2.8814456e-06
74 8.4834174e-06
75 1.4934112e-06
76 8.5127877e-06
77 2.5521625e-05
78 2.9261892e-04
79 6.8629508e-05
80 3.0575658e-05
81 7.3911458e-07
82 3.2512402e-05
83 1.5866230e-05
84 5.8185779e-16
85 1.8148208e-25
86 1.6073696e-17
87 4.8140208e-21
88 2.4617031e-12
89 1.2601745e-13
90 1.2403606e-05
91 1.8959705e-10
92 1.0942953e-05
93 3.0489584e-10
94 2.3009430e-09
95 1.5413926e-14
96 3.2697331e-11
98 6.9012211e-26
100 3.6736629e-24
101 1.7284153e-25
102 2.4441073e-24
