0 6.1182127e-25
1 3.9354892e-07
2 4.3536891e-04
3 7.9839653e-11
4 5.9856770e-08
5 9.0225072e-09
6 1.8959115e-08
7 2.3102166e-07
8 7.7516322e-08
9 6.2163965e-08
10 1.0795400e-07
11 3.7908023e-09
12 1.8662602e-08
13 1.3727005e-09
14 2.3257189e-07
15 2.4634144e-09
16 9.7562155e-08
17 9.8387363e-09
18 2.2360308e-08
19 4.5955238e-09
20 1.0511540e-06
21 3.8171310e-08
22 5.8784353e-06
23 7.7740665e-07
24 3.3343128e-05
25 1.5682614e-06
26 2.8270655e-05
27 2.0361186e-06
28 2.5761161e-05
29 2.0337364e-05
30 3.6714757e-05
31 2.8605273e-05
32 2.0191552e-04
33 8.2496768e-05
34 1.7217421e-03
35 1.0662435e-03
36 9.8383717e-04
37 3.1387871e-04
38 1.5820543e-04
39 8.9698551e-05
40 3.6019304e-04
41 6.8323665e-05
42 3.1259631e-04
43 3.1462739e-10
44 2.0546976e-04
45 7.2001814e-05
46 3.9545810e-04
47 2.0316402e-04
48 2.5174643e-04
49 6.4702574e-06
50 6.9002630e-05
51 4.3740717e-05
52 9.0560292e-04
53 2.5612430e-04
54 1.2452570e-03
55 8.4953666e-05
56 7.4227493e-05
57 3.2404076e-06
58 5.8420419e-06
59 1.9862749e-06
60 7.4378542e-06
61 1.6089339e-21
62 6.3092954e-06
63 3.1024096e-06
64 1.2246098e-05
65 2.7643686e-06
66 2.3199092e-05
67 5.1899255e-06
68 1.5894328e-05
69 1.8888050e-06
70 1.3609471e-05
71 1.8087502e-06
72 7.9254189e-06
73 1.2842814e-06
74 5.1939843e-06
75 8.6139434e-07
76 4.2480187e-06
77 1.0261545e-05
78 1.5303654e-04
79 3.8083841e-05
80 2.5789444e-05
81 3.3654220e-07
82 1.6456793e-05
83 8.4702102e-06
84 3.5180460e-16
85 1.0396866e-25
86 9.7184217e-18
87 2.6894283e-21
88 1.4881834e-12
89 6.9698279e-14
90 6.9920291e-06
91 1.0488061e-10
92 6.2971348e-06
93 2.1173860e-10
94 1.1673980e-09
95 3.2783680e-15
96 7.0330188e-12
98 3.4866556e-26
100 1.5144616e-24
101 4.6621091e-23
102 1.7393213e-23
