0 2.8196058e-24
1 2.5287782e-06
2 1.1569982e-03
3 4.4242508e-10
4 3.9214303e-07
5 1.2676073e-07
6 1.6502814e-07
7 1.9488237e-06
8 2.6943953e-07
9 3.2149124e-07
10 1.1992878e-06
11 1.1363313e-08
12 6.2441566e-08
13 4.7715631e-09
14 2.4008980e-08
15 3.9875185e-09
16 5.3913316e-08
17 2.3635419e-08
18 1.8066570e-08
19 1.0329726e-08
20 2.4135623e-07
21 6.7736235e-08
22 2.2740733e-07
23 4.2522532e-08
24 2.3867520e-07
25 1.0570978e-08
26 5.1840505e-07
27 4.7849424e-08
28 1.0914654e-06
29 1.4068571e-06
30 2.1407317e-06
31 1.7912070e-06
32 5.4726259e-05
33 2.7685332e-05
34 5.4555069e-04
35 2.9976428e-04
36 2.7704760e-04
37 6.8574515e-05
38 4.7713112e-05
39 2.9111935e-05
40 1.3011064e-04
41 3.1573686e-05
42 1.1322515e-04
43 2.3454387e-11
44 9.8732394e-05
45 3.0746132e-05
46 1.9811296e-04
47 9.3756869e-05
48 1.3201376e-04
49 7.0515452e-06
50 7.7981561e-05
51 4.6038622e-05
52 1.0020526e-03
53 2.5272418e-04
54 1.9499603e-03
55 2.2017786e-04
56 3.0945206e-04
57 1.4373320e-05
58 2.7508715e-05
59 1.0283962e-05
60 2.8063571e-05
61 9.2258904e-21
62 2.0908179e-05
63 1.0510776e-05
64 4.0805765e-05
65 9.9151374e-06
66 7.5022239e-05
67 1.7587281e-05
68 5.2762036e-05
69 7.2893075e-06
70 4.5887162e-05
71 6.6996609e-06
72 3.0039687e-05
73 5.0448936e-06
74 1.7155878e-05
75 3.2025637e-06
76 2.2284151e-05
77 5.5178581e-05
78 6.4349653e-04
79 1.5155358e-04
80 8.2148743e-05
81 1.1784931e-06
82 7.4809141e-05
83 4.0457620e-05
84 1.7856679e-15
85 5.9884784e-25
86 4.9327839e-17
87 1.4185206e-20
88 7.5529887e-12
89 3.5137601e-13
90 3.3980199e-05
91 5.2899306e-10
92 3.1769537e-05
93 1.0806877e-09
94 5.4585705e-09
95 4.0269576e-14
96 8.6066123e-11
97 4.0888683e-22
98 5.4108176e-21
99 2.0620665e-24
100 2.8796329e-24
101 2.7930708e-23
102 2.2773126e-24
103 2.7845053e-26
105 1.2570618e-27
