47 Tuc     6.63  -2.58  -3.18   19.4 10.2  177.1  7.8   40.3  3.6 TK BD
NGC 288    8.58   0.04  -8.80   18.7  9.5  -50.5 20.1   52.8  0.4 H  OH
NGC 362    5.43  -5.01  -6.14   81.4 28.4  -20.2 28.5  -79.0 22.1 H  YH
M79       16.14  -8.25  -6.32   93.8 31.2   81.2 30.4   12.4 35.8 H  OH
NGC 2298  12.74  -9.37  -2.95  -61.7 40.6  -49.5 34.8  116.5 51.0 H  OH
NGC 2419  84.66  -0.49  35.90                                     H  OH
NGC 3201   7.88  -4.90   0.75                                     TK YH
M68        4.42  -7.17   6.00 -115.3 27.7  303.5 34.8   13.3 25.0 H  YH
NGC 4833   4.94  -5.36  -0.91                                     TK OH
M3         6.99   1.37  10.20   50.9 14.2   18.6 14.6 -108.0  3.5 H  YH
NGC 5466   5.17   3.01  15.25  256.0 83.5  -51.9 83.4  199.4 24.4 H  YH
NGC 5897  -7.66   0.24  16.65   49.7 50.8   82.7 44.7  119.5 44.8 H  OH
M5         3.38   0.35   5.47 -324.1 34.8  113.4 30.5 -214.1 31.7 H  OH
M80       -0.85  -1.20   3.33   92.5 31.5   86.6 35.0  -99.5 29.9 H  OH
M4         6.41  -0.33   0.61  -51.2  3.0  -19.7 21.9  -16.0  5.8 H  OH
M13        5.50   4.99   5.04  293.6 35.5  -89.9 35.4 -111.8 20.3 H  OH
M12        4.27   1.19   2.17  -28.2 12.6  132.7 19.4 -132.9 17.1 TK OH
M10        4.59   1.06   1.72  -65.7  8.8  126.5 19.3   88.6 15.5 TK OH
NGC 6287  -0.63   0.02   1.78                                     B  OH
NGC 6293  -0.21  -0.36   1.20                                     B  OH
M92        6.02   6.25   4.69   82.4 14.4  -16.6 14.4   79.4 20.9 H  OH
NGC 6342   0.05   0.72   1.45                                     B  BD
NGC 6352   3.14  -1.80  -0.71                                     TN BD
NGC 6362   2.53  -4.10  -2.29  -43.0 20.2  119.4 15.5   41.4 17.1 TK OH
NGC 6397   6.41  -0.84  -0.48   23.1  6.7  124.6 12.2 -108.8 11.3 TK OH
NGC 6528   0.62   0.16  -0.57  189.7  4.2   57.9 10.8    4.3 10.4 B  BD
NGC 6541   1.75  -1.25  -1.35                                     B  OH
NGC 6553   2.53   0.55  -0.32   55.4  4.6  218.6 16.4   13.7  2.2 TN OH
M22        5.37   0.54  -0.42  172.9  5.5  176.7 21.7 -122.9 24.6 TK OH
M54      -17.37   2.54  -6.52                                     H  SG
NGC 6752   5.19  -1.44  -1.73  -24.7  5.6  193.9  9.1   21.9  7.2 TK OH
M55        3.69   0.74  -2.09 -184.4  9.6   43.7 27.7 -108.5 15.3 H  OH
M71        6.31   3.33  -0.32    3.1 14.1  178.7 11.4   -2.6 14.8 TN BD
NGC 7006  -8.80  35.11 -13.79 -179.6 44.4  167.1 71.3  147.8 68.5 H  YH
M15        4.63   8.33  -4.73 -142.5 23.8  167.8 34.2  -96.0 31.1 H  YH
M30        3.63   2.50  -5.83  -15.6 25.0 -120.5 27.2   50.4  2.0 H  OH
NGC 7492   1.63   9.25 -23.09                                     H  OH
Liller 1  -1.06  -0.86  -0.03                                     B  BD
Pal 5     -7.66   0.24  16.65  -78.4 14.2  110.3 38.9   14.3 13.9 H  YH
Pal 6      2.61   0.22   0.18                                     B  YH
Pal 12    -2.58   6.53 -14.12    1.8 39.7  243.3 31.8  -20.9 18.3 H  SG
Rup 106   -2.16 -17.82   4.29                                     H  YH
Ter 4     -0.58  -0.63   0.21                                     B  OH
Ter 5     -1.77   0.69   0.30                                     B  BD
Ter 7    -13.25   1.29  -7.96                                     H  SG
