# 1 is the stellar model
# 2 is the classical model
# Things with % in Ns are overabundances compared to solar, but we don't use it
A   El    SOLAR      Ns1        dNs1   Nr1        dNr1         Ns2         dNs2   Nr2       dNr2
--- ----  ---------- ---------- ------ ---------- ----------   ----------  ------ --------- --------
63  Cu    3.61E02    2.95E00    18.6                           1.73E01     18.6        
65  Cu    1.61E02    2.04E00    14.5                           9.11E00     14.5        
64  Zn    6.13E02    9.21E-01   9.5                            4.12E00     9.5        
66  Zn    3.52E02    3.44E00    9.6                            1.42E01     9.6        
67  Zn    5.17E01    7.78E-01   10.7                           3.19E00     10.7        
68  Zn    2.36E02    6.78E00    13.3                           2.17E01     13.3        
70  Zn    7.80E00    2.36E-02   50.2                           6.57E-3     50.2        
69  Ga    2.27E01    8.73E-01   11.1                           2.85E00     11.1   6.29E00    
71  Ga    1.51E01    8.35E-01   9.0                            4.25E00     9.0    0.00E00    
70  Ge    2.44E01    1.60E00    11.2                           4.37E00     11.2        
72  Ge    3.26E01    2.47E00    29.7                           6.28E00     29.7   8.12E00    
73  Ge    9.28E00    4.68E-01   30.8                           1.25E00     30.8   3.66E00    
74  Ge    4.34E01    2.62E00    14.7                           6.11E00     14.7   2.50E01    
76  Ge    9.28E00    5.52E-03   12.6                           3.17E-03    12.6   9.28E00    
75  As    6.56E00    3.02E-01   12.6                           5.84E-01    12.6   4.44E00    
76  Se    5.60E00    8.62E-01   8.0                            2.21E00     8.0        
77  Se    4.70E00    3.15E-01   30.2                           7.27E-01    30.2   2.60E00    
78  Se    1.47E01    1.57E00    21.0                           3.44E00     21.0   6.84E00    
80  Se    3.09E01    2.73E00    9.4                            3.49E00     9.4    2.41E01    
82  Se    5.70E00    3.39E-03   50.4                           1.82E-03    50.4   5.70E00    
79  Br    5.98E00    5.22E-01   19.4                           9.58E-01    19.4   3.51E00    
81  Br    5.82E00    5.41E-01   19.4                           5.64E-01    19.4   4.36E00    
80  Kr    9.99E-01   1.17E-01   18.9                           5.64E-01    18.9        
82  Kr    5.15E00    1.91E00    19.6                           3.38E00     19.6        
83  Kr    5.16E00    6.50E-01   19.1                           1.12E00     19.1   3.27E00    
84  Kr    2.57E01    3.54E00    21.5                           8.21E00     21.5   1.68E01    
86  Kr    7.84E00    2.12E00    18.1                           64%         18.1        
85  Rb    5.12E00    8.36E-01   7.6                            2.14E00     7.6    2.75E00    
87  Rb    2.11E00    7.46E-01   11.7                           66%         11.7        
86  Sr    2.32E00    1.09E00    8.8                            1.58E00     8.8        
87  Sr    1.51E00    7.60E-01   8.9                            1.12E00     8.9        
88  Sr    1.94E01    1.79E01    8.1                            1.82E01     8.1    9.06E-01    
89  Y     4.64E00    4.27E00    6.6     3.72E-01    100        6.4%        6.6        
90  Zr    5.87E00    4.24E00    12.4    1.63E00    39.7        4.01E00     12.4   1.86E00    33.5
91  Zr    1.28E00    1.23E00    14.8    5.46E-02    100        0.50%       14.8        
92  Zr    1.96E00    1.83E00    13.7    1.28E-01    100        8.3%        13.7        
94  Zr    1.98E00    8.2%       7.3                            16%         7.3        
96  Zr    3.20E-01   1.76E-01   7.3                            1.63E-01    7.3        
93  Nb    6.98E-01   5.96E-01   2.4     1.02E-01    16.8       2.0%        2.4        
94  Mo    2.36E-01   1.53E-03   20.0                           8.27E-05    20.0        
95  Mo    4.06E-01   2.25E-01   6.9     1.81E-01    15.0       2.24E-01    6.9    1.82E-01    14.9
96  Mo    4.25E-01   6.1%       7.1                            16%         7.1        
97  Mo    2.44E-01   1.43E-01   6.9     1.01E-01    16.4       1.67E-01    6.9    7.72E-02    22.9
98  Mo    6.15E-01   4.66E-01   7.5     1.49E-01    32.7       5.52E-01    7.5    6.25E-02    85.3
100 Mo    2.46E-01   9.42E-03   21.3    2.37E-01    5.8        0.00E-00    21.3   2.46E-01    5.5
99  Ru    2.36E-01   6.69E-02   50.3    1.69E-01    21.3       6.94E-02    50.3   1.67E-01    22.3
100 Ru    2.34E-01   2.23E-01   8.3                            11%         8.3        
101 Ru    3.16E-01   4.83E-02   6.7     2.68E-01    6.5        5.38E-02    6.7    2.62E-01    6.7
102 Ru    5.88E-01   2.53E-01   8.0     3.35E-01    11.3       2.82E-01    8.0    3.06E-01    12.8
104 Ru    3.48E-01   9.52E-03   8.2     3.38E-01    5.6        3.75E-03    8.2    3.44E-01    5.5
103 Rh    3.44E-01   4.67E-02   8.2     2.97E-01    9.3        6.50E-02    8.2    2.79E-01    10.0
104 Pd    1.55E-01   5.7%       12.0                           14%         12.0        
105 Pd    3.10E-01   4.27E-02   8.3     2.67E-01    7.8        4.31E-02    8.3    2.67E-01    7.8
106 Pd    3.80E-01   1.95E-01   11.9    1.85E-01    18.5       2.02E-01    11.9   1.78E-01    19.5
108 Pd    3.68E-01   2.40E-01   11.9    1.28E-01    29.2       2.46E-01    11.9   1.22E-01    31.1
110 Pd    1.63E-01   5.93E-03   15.2    1.57E-01    6.9        2.64E-04    15.2   1.63E-01    6.6
107 Ag    2.52E-01   3.77E-02   4.2     2.14E-01    3.5        3.80E-02    4.2    2.14E-01    3.5
109 Ag    2.34E-01   5.86E-02   4.1     1.75E-01    4.1        6.44E-02    4.1    1.70E-01    4.3
108 Cd    1.43E-02   1.61E-05   18.4                           2.20E-04    18.4        
110 Cd    2.01E-01   1.95E-01   13.8                           2.00E-01    13.8        
111 Cd    2.06E-01   4.87E-02   13.4    1.57E-01    9.5        4.61E-02    13.4   1.60E-01    9.2
112 Cd    3.88E-01   2.05E-01   14.4    1.83E-01    21.2       2.05E-01    14.4   1.83E-01    21.3
113 Cd    1.97E-01   6.85E-02   12.8    1.29E-01    12.1       7.23E-02    12.8   1.25E-01    12.7
114 Cd    4.63E-01   2.95E-01   16.8    1.68E-01    34.5       3.68E-01    16.8   9.45E-02    73.0
116 Cd    1.21E-01   2.13E-02   14.3    9.97E-02    8.5        9.16E-03    14.3   1.12E-01    7.1
113 In    7.90E-03   5.59E-08   11.0                           3.63E-05    11.0        
115 In    1.76E-01   6.43E-02   11.8    1.12E-01    12.2       6.66E-02    11.8   1.09E-01    12.6
114 Sn    2.52E-02   4.75E-06   9.5                            2.00E-04    9.5        
115 Sn    1.29E-02   3.06E-04   9.7                            1.60E-04    9.7        
116 Sn    5.55E-01   4.76E-01   9.5                            4.89E-1     9.5        
117 Sn    2.93E-01   1.41E-01   9.5     1.52E-01    20.2       1.40E-01    9.5    1.53E-01    20.0
118 Sn    9.25E-01   6.67E-01   9.4     2.58E-01    41.7       6.86E-01    9.4    2.39E-01    45.5
119 Sn    3.28E-01   1.27E-01   21.2    2.01E-01    20.5       2.31E-01    21.2   9.73E-02    59.5
120 Sn    1.25E00    9.77E-01   9.5     2.68E-01    55.7       1.07E00     9.5    1.78E-01    86.7
122 Sn    1.77E-01   7.93E-02   26.7    9.77E-02    27.6       1.54E-02    26.7   1.62E-01    10.6
121 Sb    1.77E-01   6.78E-02   18.2    1.09E-01    31.3       7.22E-02    18.2   1.05E-01    32.9
123 Sb    1.32E-01   8.06E-03   18.2    1.24E-01    19.2       2.19E-03    18.2   1.30E-01    18.3
122 Te    1.24E-01   1.09E-01   10.0                           0.51%       10.0        
123 Te    4.28E-02   3.83E-02   10.0                           2.9%        10.0        
124 Te    2.29E-01   2.08E-01   10.1                           3.1%        10.1        
125 Te    3.42E-01   6.80E-02   10.0    2.74E-01    12.7       8.41E-02    10.0   2.58E-01    13.7
126 Te    9.09E-01   3.68E-01   10.1    5.41E-01    18.2       4.29E-01    10.1   4.80E-01    21.0
128 Te    1.53E00    2.47E-02   10.4    1.50E00    10.2        4.03E-03    10.4   1.52E00    10.0
127 I     9.00E-01   4.75E-02   21.5    8.53E-01    22.2       5.50E-02    21.5   8.45E-01    22.4
128 Xe    1.03E-01   8.42E-02   37.7                           9.85E-02    37.7        
129 Xe    1.28E00    4.03E-02   21.8    1.24E00    20.7        4.57E-02    21.8   1.23E00    20.8
130 Xe    2.05E-01   1.70E-01   34.4                           1.92E-01    34.4        
131 Xe    1.02E00    6.55E-02   26.8    9.55E-01    21.5       7.39E-02    26.8   9.46E-01    21.7
132 Xe    1.24E00    4.16E-01   21.6    8.24E-01    32.0       4.92E-01    21.6   7.48E-01    36.1
134 Xe    4.59E-01   2.22E-02   21.7    4.37E-01    21.0       8.26E-03    21.7   4.51E-01    20.4
133 Cs    3.72E-01   5.39E-02   7.0     3.18E-01    6.7        6.31E-02    7.0    3.09E-01    6.9
134 Ba    1.09E-01   1.07E-01   7.1                            58%         7.1        
135 Ba    2.96E-01   7.75E-02   7.1     2.19E-01    8.9        8.05E-02    7.1    2.15E-01    9.1
136 Ba    3.53E-01   0.25%      7.2                            37%         7.2        
137 Ba    5.04E-01   3.30E-01   7.3     1.74E-01    23.0       3.67E-01    7.3    1.37E-01    30.4
138 Ba    3.22E00    2.76E00    6.5     4.59E-01    58.8       18%         6.5        
139 La    4.46E-01   2.77E-01   7.3     1.69E-01    13.1       3.69E-01    7.3    7.71E-02    36.8
140 Ce    1.00E00    8.36E-01   4.0     1.69E-01    22.3       9.68E-01    4.0    3.66E-02    100
142 Ce    1.26E-01   2.79E-02   3.9     9.81E-02    2.5        1.17E-02    3.9    1.14E-01    1.9
141 Pr    1.67E-01   8.13E-02   2.7     8.57E-02    5.3        9.33E-02    2.7    7.37E-02    6.4
142 Nd    2.25E-01   2.08E-01   2.4                            12%         2.4        
143 Nd    1.00E-01   3.16E-02   1.9     6.84E-02    2.1        3.75E-02    1.9    6.25E-02    2.4
144 Nd    1.97E-01   1.00E-01   2.2     9.68E-02    3.5        1.08E-01    2.2    8.93E-02    3.9
145 Nd    6.87E-02   1.89E-02   1.7     4.98E-02    1.9        2.20E-02    1.7    4.67E-02    2.1
146 Nd    1.42E-01   9.11E-02   1.7     5.09E-02    4.7        9.12E-02    1.7    5.08E-02    4.7
148 Nd    4.77E-02   9.05E-03   1.8     3.87E-02    1.7        3.77E-03    1.8    4.39E-02    1.4
147 Sm    3.99E-02   8.25E-03   1.7     3.17E-02    1.7        8.91E-03    1.7    3.10E-02    1.7
148 Sm    2.92E-02   2.82E-02   1.6                            1.8%        1.6        
149 Sm    3.56E-02   4.45E-03   1.6     3.12E-02    1.5        4.49E-03    1.6    3.11E-02    1.5
150 Sm    1.91E-02   1.91E-02   1.6                            1.91E-02    1.6        
152 Sm    6.89E-02   1.58E-02   1.6     5.31E-02    1.8        1.55E-02    1.6    5.34E-02    1.7
154 Sm    5.86E-02   4.69E-04   6.6     5.81E-02    1.3        3.18E-04    6.6    5.83E-02    1.3
151 Eu    4.65E-02   3.04E-03   4.3     4.35E-02    1.7        4.29E-03    4.3    4.22E-02    1.8
153 Eu    5.08E-02   2.58E-03   10.1    4.82E-02    1.8        3.04E-03    10.1   4.78E-02    1.8
152 Gd    6.60E-04   5.83E-04   2.1                            4.72E-04    2.1        
154 Gd    7.19E-03   6.85E-03   1.8                            6.26E-03    1.8        
155 Gd    4.88E-02   2.88E-03   1.8     4.59E-02    1.5        3.50E-03    1.8    4.53E-02    1.5
156 Gd    6.76E-02   1.15E-02   1.6     5.61E-02    1.7        1.28E-02    1.6    5.48E-02    1.8
157 Gd    5.16E-02   5.53E-03   1.8     4.61E-02    1.6        5.76E-03    1.8    4.58E-02    1.6
158 Gd    8.20E-02   2.25E-02   1.6     5.95E-02    2.0        2.40E-02    1.6    5.80E-02    2.1
160 Gd    7.21E-02   8.27E-04   9.7     7.13E-02    1.4        2.22E-05    9.7    7.21E-02    1.4
159 Tb    6.03E-02   4.36E-03   6.0     5.59E-02    2.4        5.05E-03    6.0    5.52E-02    2.5
160 Dy    9.22E-03   8.06E-03   1.9                            8.34E-03    1.9        
161 Dy    7.45E-02   4.12E-03   1.7     7.04E-02    1.5        3.88E-03    1.7    7.06E-02    1.5
162 Dy    1.01E-01   1.64E-02   1.6     8.46E-02    1.7        1.66E-02    1.6    8.44E-02    1.7
163 Dy    9.82E-02   3.52E-03   2.0     9.47E-02    1.5        4.85E-03    2.0    9.34E-02    1.5
164 Dy    1.11E-01   2.61E-02   1.9     8.49E-02    1.9        1.57E-02    1.9    9.53E-02    1.7
165 Ho    8.89E-02   6.95E-03   5.6     8.20E-02    2.6        5.82E-03    5.6    8.31E-02    2.6
164 Er    4.04E-03   3.34E-03   4.9                            3.49E-03    4.9        
166 Er    8.43E-02   1.25E-02   10.1    7.18E-02    2.3        1.34E-02    10.1   7.09E-02    2.5
167 Er    5.76E-02   4.92E-03   10.1    5.27E-02    1.7        5.23E-03    10.1   5.24E-02    1.7
168 Er    6.72E-02   1.90E-02   12.1    4.82E-02    5.1        2.17E-02    12.1   4.55E-02    6.1
170 Er    3.74E-02   2.69E-03   14.9    3.47E-02    1.8        2.19E-03    14.9   3.52E-02    1.7
169 Tm    3.78E-02   5.03E-03   5.5     3.28E-02    2.8        6.78E-03    5.5    3.10E-02    3.0
170 Yb    7.56E-03   1.1%       4.2                            6.56E-03    4.2        
171 Yb    3.54E-02   4.93E-03   3.9     3.05E-02    2.0        6.07E-03    3.9    2.93E-02    2.1
172 Yb    5.43E-02   1.65E-02   8.4     3.78E-02    4.3        1.77E-02    8.4    3.66E-02    4.7
173 Yb    4.00E-02   8.57E-03   8.5     3.14E-02    3.1        8.92E-03    8.5    3.11E-02    3.2
174 Yb    7.88E-02   3.91E-02   9.2     3.97E-02    9.6        4.27E-02    9.2    3.61E-02    11.5
176 Yb    3.15E-02   4.28E-03   10.0    2.72E-02    2.4        1.10E-03    10.0   3.04E-02    1.7
175 Lu    3.57E-02   6.33E-03   4.0     2.94E-02    1.8        5.91E-03    4.0    2.98E-02    1.7
176 Lu    1.03E-03   25%        4.1                            83%         4.1        
176 Hf    7.93E-03   7.65E-03   4.8                            6.9%        4.8        
177 Hf    2.87E-02   5.29E-03   4.9     2.34E-02    2.6        5.14E-03    4.9    2.36E-02    2.5
178 Hf    4.20E-02   2.40E-02   3.7     1.80E-02    6.7        2.19E-02    3.7    2.01E-02    5.7
179 Hf    2.10E-02   7.74E-03   3.6     1.33E-02    3.7        6.80E-03    3.6    1.42E-02    3.3
180 Hf    5.41E-02   4.08E-02   3.4     1.33E-02    13.1       3.71E-02    3.4    1.70E-02    9.6
180 Ta    2.48E-06   1.21E-06   20.1                           17%         20.1        
181 Ta    2.07E-02   8.55E-03   2.7     1.22E-02    3.6        8.53E-03    2.7    1.22E-02    3.6
180 W     1.73E-04   8.02E-06   11.6                           1.38E-04    11.6        
182 W     3.50E-02   1.60E-02   7.2     1.90E-02    11.2       1.35E-02    7.2    2.15E-02    9.5
183 W     1.90E-02   1.02E-02   7.2     8.76E-03    13.9       1.24E-02    7.2    6.64E-03    19.8
184 W     4.08E-02   2.88E-02   7.3     1.20E-02    24.5       2.82E-02    7.3    1.26E-02    23.2
186 W     3.80E-02   1.91E-02   7.0     1.89E-02    12.5       8.41E-03    7.0    2.96E-02    6.8
185 Re    1.93E-02   4.78E-03   10.2    1.45E-02    12.9       5.91E-03    10.2   1.34E-02    14.3
187 Re    3.51E-02   6.65E-05   10.6    3.50E-02    9.4        1.55E-03    10.6   3.36E-02    9.8
186 Os    1.07E-02   1.04E-02   7.4                            1.06E-02    7.4        
187 Os    8.07E-03   6.58E-03   7.1                            4.99E-03    7.1        
188 Os    8.98E-02   1.72E-02   7.3     7.26E-02    8.0        1.54E-02    7.3    7.44E-02    7.7
189 Os    1.09E-01   4.70E-03   7.5     1.04E-01    6.6        5.25E-03    7.5    1.04E-01    6.6
190 Os    1.78E-01   2.14E-02   16.5    1.57E-01    7.5        2.04E-02    16.5   1.58E-01    7.4
192 Os    2.77E-01   2.86E-03   15.8    2.74E-01    6.4        1.03E-03    15.8   2.76E-01    6.3
191 Ir    2.47E-01   4.68E-03   7.9     2.42E-01    6.2        4.57E-03    7.9    2.42E-01    6.2
193 Ir    4.14E-01   4.40E-03   7.9     4.10E-01    6.2        6.13E-03    7.9    4.08E-01    6.2
192 Pt    1.05E-02   1.03E-02   50.5                           51%         50.5        
194 Pt    4.41E-01   1.77E-02   50.5    4.23E-01    8.0        1.87E-02    50.5   4.22E-01    8.0
195 Pt    4.53E-01   7.53E-03   50.5    4.45E-01    7.6        5.58E-03    50.5   4.47E-01    7.5
196 Pt    3.38E-01   3.30E-02   13.8    3.05E-01    8.3        2.95E-02    13.8   3.09E-01    8.2
198 Pt    9.63E-02   2.33E-05   12.1    9.63E-02    7.4        5.98E-05    12.1   9.62E-02    7.4
197 Au    1.87E-01   1.09E-02   15.1    1.76E-01    16.0       9.72E-03    15.1   1.77E-01    15.8
198 Hg    3.39E-02   2.4%       14.8                           3.12E-02    14.8        
199 Hg    5.74E-02   1.52E-02   13.5    4.22E-02    17.0       1.44E-02    13.5   4.30E-02    16.6
200 Hg    7.85E-02   5.15E-02   15.9    2.70E-02    46.3       4.50E-02    15.9   3.35E-02    35.3
201 Hg    4.48E-02   2.22E-02   13.1    2.26E-02    27.1       1.93E-02    13.1   2.55E-02    23.3
202 Hg    1.02E-01   8.23E-02   14.5    1.92E-02    88.6       6.44E-02    14.5   3.71E-02    41.4
204 Hg    2.33E-02   2.07E-03   15.3    2.12E-02    13.3       3.51E-04    15.3   2.29E-02    12.2
203 Tl    5.43E-02   4.06E-02   11.4    1.37E-02    50.3       3.70E-02    11.4   1.73E-02    38.3
205 Tl    1.30E-01   9.89E-02   12.0    3.08E-02    55.1       7.61E-02    12.0   5.36E-02    28.4
204 Pb    6.11E-02   5.76E-02   9.9                            4.83E-02    9.9        
206 Pb    5.93E-01   3.43E-01   10.6                           1.84E-01    10.6        
207 Pb    6.44E-01   4.10E-01   9.4                            1.90E-01    9.4        
208 Pb    1.83E00    6.30E-01   8.4                            1.81E-01    8.4        
209 Bi    1.44E-01   7.07E-03   13.1    1.37E-01    8.6        4.88E-03    13.1   1.39E-01    8.5
