num [Fe/H] [Fe II/H] [O/Fe] [Na/Fe] [Mg/Fe] [Al/Fe] [Si/Fe] [Ca/Fe] [Sc/Fe] [Ti/Fe] [V/Fe] [Cr/Fe] [Mn/Fe] [Co/Fe] [Ni/Fe] [Cu/Fe] [Zn/Fe] [Sr/Fe] [Y/Fe] [Zr/Fe] [Ba/Fe] [La/Fe] [Ce/Fe] [Pr/Fe] [Nd/Fe] [Sm/Fe] [Eu/Fe] e_fe e_fe2  e_o e_na e_mg e_al e_si e_ca e_sc e_ti  e_v e_cr e_mn e_co e_ni e_cu e_zn e_sr  e_y e_zr e_ba e_la e_ce e_pr e_nd e_sm e_eu ulo ulmn ulpr
--- ------ --------- ------ ------- ------- ------- ------- ------- ------- ------- ------ ------- ------- ------- ------- ------- ------- ------- ------ ------- ------- ------- ------- ------- ------- ------- ------- ---- ----- ---- ---- ---- ---- ---- ---- ---- ---- ---- ---- ---- ---- ---- ---- ---- ---- ---- ---- ---- ---- ---- ---- ---- ---- ---- --- ---- ----
  1  -2.41     -2.25           0.46    0.27                    0.43   -0.14    0.34          -0.26                                                   -0.3            1.03                            0.64                 0.09  0.16      0.14 0.08           0.13 0.08 0.09      0.22                               0.08      0.14                0.06             0    0    0
  2  -0.73     -0.72   0.42   -0.21    0.09            0.16    0.28   -0.07    0.58   -0.1    0.21   -0.47           -0.36   -0.63                   0.04            0.86   -0.02                    0.33            0.83 0.11  0.09 0.13 0.17 0.11      0.09 0.13 0.14 0.14 0.06 0.13 0.11      0.15 0.18           0.08       0.1 0.11           0.08      0.07   0    0    0
  3  -0.97     -0.98          -0.46    0.01            0.26    0.15     0.1    0.62           0.16   -0.45            -0.1   -0.58                   0.22            0.68                            1.24            1.11 0.11  0.08      0.17 0.15       0.1  0.1 0.11 0.14      0.09 0.15      0.13 0.21           0.18      0.09                 0.1      0.07   0    0    0
  4  -2.49     -2.33           0.33    0.55                     0.4   -0.08    0.18          -0.54    0.18           -0.14                          -0.56           -0.35                            1.28                 0.08  0.07      0.14 0.11           0.09 0.13 0.07      0.12 0.08      0.09                0.07      0.12                0.04             0    0    0
  5  -2.45     -2.25           0.51    0.52                    0.49   -0.19   -0.01          -0.28                    0.11                                           0.07                                                 0.08  0.07      0.17  0.1           0.07  0.1 0.11      0.07           0.06                          0.21                                 0    0    0
  6  -1.31     -1.23           0.06    0.36            0.58    0.43   -0.07    0.31          -0.04   -0.25           -0.14   -0.27                  -0.15            0.65                             0.6            0.84 0.12   0.1      0.12 0.09      0.09 0.13 0.11 0.24      0.12 0.09       0.1  0.1           0.29      0.17                0.12      0.08   0    0    0
  7  -1.82     -1.72           -0.3   -0.58                   -0.16            0.25           0.08    0.08            0.22                                           -1.6                                                 0.08  0.06      0.17 0.07           0.08      0.09      0.11 0.06      0.07                          0.06                                 0    0    0
  8  -1.18      -1.2           0.01    0.14             0.5    0.26    0.17    0.23          -0.06   -0.19   -0.71    0.05   -0.52   -0.19           0.04            0.37    0.66    0.35    1.74    0.34            0.14 0.12  0.12      0.06 0.11      0.17 0.17 0.23 0.13       0.2 0.16 0.39 0.08 0.22 0.12      0.14      0.17 0.09 0.12 0.31 0.14      0.25   0    0    0
  9  -2.26     -2.18                   0.41            0.64    0.39    0.09    0.33          -0.29   -0.48   -0.32    0.03            0.22   -0.08  -0.32    0.02   -0.04                                           -0.07 0.08  0.07           0.09      0.06 0.06 0.07 0.08      0.09 0.07 0.29 0.05      0.05  0.1 0.09  0.1 0.13                          0.08   0    0    0
 10  -1.72     -1.67   0.79     0.0    0.24            0.52    0.36   -0.13    0.26          -0.07   -0.51   -0.89   -0.15           -0.09          -0.54            0.25           -0.03    0.42    0.26    0.26          0.1   0.1 0.15 0.09 0.09      0.17 0.17 0.09 0.12      0.13 0.09 0.28 0.07      0.09      0.19      0.14      0.05 0.13 0.12 0.15        1    0    0
 11  -0.96      -0.9   0.25   -0.33    0.24            0.12     0.3    0.15     0.3          -0.16   -0.49   -0.23   -0.17   -0.55    0.16                   1.84    0.87    0.37    0.54    0.76    0.59    0.71    1.02 0.11  0.08 0.04 0.08 0.11      0.07 0.13 0.11 0.13      0.12 0.12 0.19 0.09 0.15 0.14           0.15 0.15 0.07 0.14  0.1 0.25 0.12  0.1   0    0    0
 12  -1.83     -1.84          -0.04                    1.67    0.27            0.65           0.21                                                                   0.19                    2.53                         0.15  0.28       0.1           0.12 0.12      0.26      0.16                                         0.15            0.2                  0    0    1
 13  -1.14     -1.11   0.36   -0.22    0.31    -0.2    0.29    0.19    -0.1    0.24          -0.26   -0.43    -0.3   -0.11   -0.42    0.23                           0.86    0.34    0.08    0.56    0.36    0.59    0.62  0.1  0.07 0.04 0.06  0.1 0.04 0.05 0.11 0.08  0.1      0.12 0.12 0.08 0.08 0.15  0.1                0.18 0.06 0.13 0.08 0.06  0.1 0.11   0    0    0
 14  -1.33     -1.25   0.65    -0.4    0.21            0.27    0.32    0.14    0.38          -0.01   -0.46    0.04    0.01    -0.4    0.09                   0.84    0.79    0.45     0.4            0.39    0.46         0.11  0.09 0.04 0.07  0.1      0.12 0.11 0.11  0.1      0.18 0.08 0.11 0.11 0.11 0.11           0.45 0.13  0.1 0.12      0.16 0.08        0    0    0
 15  -1.33     -1.27   0.69    -0.3    0.25             0.3    0.35    0.07    0.35          -0.12   -0.42           -0.07    -0.6    0.09                            0.5            0.24            0.21    0.22          0.1  0.08 0.07  0.1 0.12      0.07 0.11 0.08 0.13      0.13 0.08      0.08 0.05 0.15                0.17      0.11       0.1 0.08        0    0    0
 16   -1.3     -1.29   0.21   -0.33    0.38             0.6    0.23    0.04    0.38          -0.24   -0.43           -0.17   -0.58    0.23                           0.27    0.21            0.22    0.54    0.52    0.71  0.1  0.08 0.04 0.09 0.11      0.09 0.11 0.09 0.12      0.11 0.09      0.08 0.09 0.14                0.15 0.07      0.09 0.16 0.16 0.07   0    0    0
 17  -1.32     -1.28   0.53   -0.22    0.23            0.35    0.33    0.01    0.31           -0.2   -0.42    0.05   -0.14            0.36                           0.63             0.3            0.19    0.35    0.65  0.1  0.08 0.09 0.08 0.11      0.08 0.11  0.1 0.14       0.2 0.09 0.97 0.09      0.16                0.15      0.11      0.11 0.07 0.06   0    0    0
 18  -1.22     -1.18   0.33   -0.21    0.08            0.22    0.07   -0.05    0.33           -0.3   -0.42           -0.15                                           0.53   -0.03    0.02            0.24    0.26    0.51 0.09  0.08 0.05 0.08  0.1      0.08 0.08 0.08 0.11      0.09 0.08      0.07                          0.15 0.08  0.1       0.1 0.09 0.05   0    0    0
 19  -2.98     -2.84          -0.01    0.21   -0.58            0.37   -0.14    0.09          -0.26   -0.29   -0.08    -0.2                   -1.04                  -0.98                                                 0.05  0.05      0.12 0.11 0.15      0.05 0.06 0.06      0.07 0.11 0.11 0.09           0.17           0.08                                 0    0    0
 20  -3.12     -2.92           0.19    0.45                    0.42    0.25    0.48          -0.32   -0.53   -0.06   -0.07            0.44    0.07  -0.01    0.23    0.35     0.5    0.64                            0.69 0.05  0.08      0.12 0.08           0.05 0.05 0.06      0.06 0.16 0.09  0.1      0.04 0.12 0.05 0.06 0.08 0.07 0.04                0.11   0    0    0
 21  -0.77     -0.74          -0.36   -0.01            0.03    0.23    0.03     0.2    0.0   -0.11   -0.57    0.01   -0.17   -0.04   -0.01           0.18            0.74    0.44    0.24             0.7            0.83 0.09  0.07      0.07  0.1      0.06  0.1 0.06 0.09 0.25 0.09 0.07  0.1 0.08 0.13 0.11      0.08      0.09 0.05 0.06       0.1      0.06   0    0    0
 22  -1.32     -1.33   0.56    -0.2    0.25            0.31    0.33             0.4          -0.11   -0.58     0.0   -0.14   -0.37    0.06          -0.08            0.54                            0.32                 0.08  0.06 0.04 0.06 0.08      0.05 0.08      0.11      0.09 0.06 0.06 0.06 0.09 0.08      0.08      0.11                0.08             0    0    0
 23  -1.95     -1.82          -0.07    0.33                    0.25    0.06    0.28  -0.12    -0.2   -0.27   -0.45   -0.12            0.02    0.11  -0.31    0.27    0.19                            0.21                 0.07  0.06      0.11 0.05           0.05 0.08 0.08 0.12 0.08 0.05 0.17 0.06      0.05 0.08 0.06 0.08 0.11                0.09             0    1    0
 24  -2.73     -2.62           0.28    0.51                    0.43    0.04    0.26          -0.27   -0.45    -0.2    0.01            0.08   -0.01  -0.35           -0.45                                                 0.06  0.08      0.12 0.11           0.05 0.06 0.05      0.06 0.17 0.12 0.06      0.04 0.14 0.08      0.07                                 0    0    0
 25  -1.27     -1.23   0.44   -0.28    0.25             0.3    0.26    0.04    0.29  -0.08   -0.16   -0.56   -0.12    -0.1           -0.18           0.01            0.56    0.16    0.07    0.53    0.22            0.64 0.08  0.06 0.03 0.05 0.09      0.05 0.11 0.13 0.09 0.08  0.1 0.13 0.12 0.07      0.09      0.07      0.14 0.04 0.12 0.04 0.07      0.04   0    0    0
 26  -1.75     -1.67          -0.14    0.36            0.39    0.32    0.12     0.4          -0.24            0.08   -0.08   -0.71    0.12           -0.0            0.49    0.24                    0.65            0.32 0.08  0.06      0.06 0.07      0.04 0.07 0.08 0.09      0.08      0.18 0.06 0.04 0.07      0.07       0.1 0.09           0.16      0.08   0    0    0
 27  -0.62     -0.64   0.49    0.01    0.31    0.13    0.28    0.37    0.07    0.23   0.38    0.01   -0.45    0.05    0.03            0.12           0.18            0.45    1.42                    0.09                 0.08  0.07 0.04 0.06 0.09 0.05 0.06  0.1 0.09 0.09  0.1 0.09 0.08  0.1 0.08      0.11      0.13      0.09 0.21           0.07             0    0    0
 28  -1.25     -1.25          -0.41    0.09             0.1    0.12   -0.05    0.02  -0.34   -0.22    -0.5   -0.14   -0.24   -0.53   -0.02          -0.08            0.85    0.33    0.19    0.63    0.57            0.87 0.09  0.06      0.05 0.08      0.08  0.1 0.06 0.08 0.15 0.13 0.12 0.08 0.06 0.11 0.09      0.11      0.14 0.05 0.07 0.05 0.09      0.06   0    0    0
