Title: Neutron Star Mergers Are the Dominant Source of the r-process in 
       the Early Evolution of Dwarf Galaxies 
Authors: Duggan G.E., Kirby E.N., Andrievsky S.M., Korotin S.A. 
Table: DEIMOS Multi-Element Abundances Catalog of dSph Stars
================================================================================
Byte-by-byte Description of file: apjaaeb8et6_mrt.txt
--------------------------------------------------------------------------------
   Bytes Format Units     Label       Explanations
--------------------------------------------------------------------------------
   1-  3 A3     ---       dSph        Dwarf spheroidal galaxy
   5- 12 A8     ---       Name        Object name
  14- 15 I2     h         RAh         Hour of Right Ascension (J2000) 
  17- 18 I2     min       RAm         Minute of Right Ascension (J2000) 
  20- 25 F6.3   s         RAs         Second of Right Ascension (J2000) 
  27- 27 A1     ---       DE-         Sign of the Declination (J2000)
  28- 29 I2     deg       DEd         Degree of Declination (J2000) 
  31- 32 I2     arcmin    DEm         Arcminute of Declination (J2000) 
  34- 38 F5.2   arcsec    DEs         Arcsecond of Declination (J2000) 
  40- 43 I4     K         Teff        Effective temperature
  45- 47 I3     K       e_Teff        Uncertainty in Teff
  49- 52 F4.2   [cm/s2]   log(g)      Log of surface gravity
  54- 57 F4.2   km/s      vt          Microturbulent velocity
  59- 63 F5.2   [Sun]     [Fe/H]      Iron abundance relative to the Sun
  65- 68 F4.2   ---     e_[Fe/H]      Uncertainty in [Fe/H]
  70- 74 F5.2   [Sun]     [alpha/Fe]  Atmospheric alpha-to-iron ratio relative
                                       to the Sun
  76- 79 F4.2   ---     e_[alpha/Fe]  Uncertainty in [alpha/Fe]
  81- 85 F5.2   [Sun]     [Ba/Fe]     Barium-to-iron ratio relative to the Sun 
  87- 90 F4.2   ---     e_[Ba/Fe]     Uncertainty in [Ba/Fe]
--------------------------------------------------------------------------------
Dra 615574   17 20 07.44  +57 54 32.7  4767  46 1.44 1.80 -1.90 0.10 -0.30 0.18  0.01 0.24 
Dra 622253   17 19 57.29  +57 55 04.6  4536  23 1.14 1.87 -1.36 0.10 -0.18 0.09  0.63 0.13 
Dra 649595   17 20 01.59  +57 57 04.6  4500  34 0.87 1.94 -1.89 0.10 -0.04 0.10  0.04 0.16 
Dra 648189   17 19 57.91  +57 56 58.4  4479  27 0.81 1.95 -2.16 0.10  0.11 0.09 -0.16 0.16 
Dra 588559   17 20 13.51  +57 51 59.3  4447  23 0.77 1.96 -1.97 0.10  0.00 0.09 -0.56 0.15 
Dra 660453   17 20 05.66  +57 57 52.8  4363  24 0.73 1.97 -2.01 0.10  0.05 0.09  0.16 0.15 
Dra 598482   17 20 16.12  +57 52 56.1  4418  49 0.77 1.96 -3.02 0.10  0.14 0.18 -1.39 0.24 
Dra 676918   17 20 03.97  +57 59 08.3  4255  16 0.40 2.05 -1.66 0.10 -0.08 0.09  0.09 0.13 
Dra 640120   17 20 05.78  +57 56 23.4  4419  27 0.50 2.02 -2.21 0.10  0.19 0.09 -0.09 0.13 
Dra 653393   17 19 58.88  +57 57 20.9  4242  20 0.12 2.11 -2.41 0.10  0.00 0.09 -1.30 0.14 
Dra 598860   17 20 27.59  +57 52 58.3  4795  47 1.33 1.83 -2.14 0.11 -0.02 0.14 -0.13 0.24 
Dra 577465   17 20 31.65  +57 50 55.1  4536  49 1.15 1.87 -1.97 0.10 -0.03 0.10  0.09 0.19 
Dra 595078   17 20 06.89  +57 52 37.1  4562  30 1.08 1.89 -1.91 0.10  0.13 0.09  0.11 0.17 
Dra 678571   17 19 56.39  +57 59 16.0  4713  40 1.29 1.84 -1.98 0.10 -0.14 0.12  0.03 0.18 
Dra 583638   17 20 01.93  +57 51 30.4  4803  41 1.48 1.79 -2.21 0.11  0.11 0.12  0.47 0.24 
Dra 601250   17 20 10.36  +57 53 12.5  4736  41 1.45 1.80 -1.91 0.10 -0.14 0.13  0.02 0.22 
Dra 644069   17 19 50.03  +57 56 40.6  4595  32 1.16 1.87 -1.89 0.10 -0.01 0.09  0.13 0.21 
Dra 622573   17 19 59.73  +57 55 05.9  4805  44 1.66 1.75 -1.39 0.10 -0.19 0.11  0.08 0.27 
Dra 638444   17 19 53.44  +57 56 16.4  4578  32 1.09 1.88 -1.84 0.10 -0.10 0.10  0.01 0.19 
Dra 656889   17 19 44.73  +57 57 37.0  4171  13 0.31 2.07 -1.76 0.10 -0.05 0.09  0.12 0.14 
Dra 672036   17 19 35.45  +57 58 46.6  4382  30 0.59 2.00 -1.77 0.10  0.02 0.09 -0.03 0.16 
Dra 640694   17 20 24.16  +57 56 25.9  4793  52 1.40 1.81 -1.88 0.11  0.02 0.13  0.25 0.20 
Dra 637383   17 20 27.23  +57 56 12.0  4582  45 1.18 1.86 -1.79 0.10 -0.15 0.12 -0.18 0.17 
Dra 634082   17 20 52.97  +57 55 57.9  4379  27 0.30 2.07 -1.20 0.10 -0.40 0.09 -0.33 0.20 
Dra 588255   17 20 56.65  +57 51 57.4  4798  65 1.38 1.81 -1.91 0.11  0.20 0.14  0.09 0.20 
Dra 575526   17 20 43.36  +57 50 42.8  4911  46 1.53 1.78 -1.48 0.10 -0.16 0.13 -0.25 0.24 
Dra 601966   17 20 41.56  +57 53 16.6  4910  49 1.61 1.76 -1.95 0.11 -0.23 0.23  0.18 0.27 
Dra 667609   17 20 41.05  +57 58 25.7  4771  60 1.46 1.80 -1.99 0.11  0.22 0.14  0.37 0.22 
Dra 562166   17 21 00.58  +57 49 21.2  4733  60 1.35 1.82 -2.28 0.12  0.19 0.19  0.04 0.21 
Dra 580987   17 20 39.83  +57 51 15.3  4633  47 1.11 1.88 -1.89 0.10 -0.06 0.12 -0.03 0.17 
Dra 611012   17 20 47.55  +57 54 08.5  4878  51 1.59 1.77 -1.94 0.11  0.12 0.18  0.43 0.23 
Dra 707848   17 20 39.85  +58 02 00.6  4839  52 1.56 1.77 -1.66 0.11  0.11 0.15  0.41 0.24 
Dra 711162   17 20 39.38  +58 02 23.6  4728  57 1.46 1.80 -1.94 0.11 -0.18 0.21  1.07 0.11 
Dra 621150   17 20 44.71  +57 54 59.5  4893  50 1.70 1.74 -1.51 0.11 -0.32 0.17 -0.76 0.27 
Dra 678881   17 20 19.92  +57 59 17.4  4822  48 1.57 1.77 -2.20 0.11 -0.11 0.20 -0.26 0.23 
Dra 693976   17 20 14.37  +58 00 34.9  4796  49 1.47 1.79 -2.17 0.11  0.46 0.13  0.18 0.23 
Dra 676871   17 20 23.62  +57 59 08.1  4702  51 1.55 1.78 -1.62 0.11 -0.35 0.20  0.11 0.25 
Dra 628341   17 20 38.32  +57 55 32.4  4952  49 1.97 1.68 -1.92 0.13 -0.01 0.26  1.00 0.27 
Dra 604526   17 20 34.17  +57 53 32.0  4373  26 0.63 1.99 -1.65 0.10 -0.08 0.10  0.12 0.16 
Dra 650401   17 20 24.51  +57 57 08.2  4676  45 1.29 1.84 -1.89 0.10  0.02 0.11 -0.27 0.21 
Dra 677822   17 20 37.39  +57 59 12.6  4157  32 0.32 2.07 -2.48 0.10 -0.17 0.10 -0.01 0.13 
Dra 659993   17 19 08.32  +57 57 50.6  4907  40 1.38 1.82 -2.70 0.12  0.44 0.16  0.29 0.23 
Dra 594635   17 19 43.19  +57 52 34.7  4919  44 1.53 1.78 -2.46 0.12  0.29 0.18  0.05 0.26 
Dra 667675   17 18 53.47  +57 58 26.0  4822  40 1.41 1.81 -2.30 0.11  0.11 0.12  0.45 0.24 
Dra 629491   17 19 21.45  +57 55 37.6  4818  43 1.45 1.80 -1.94 0.11 -0.05 0.14  0.24 0.25 
Dra 615486   17 19 17.59  +57 54 32.2  4537  31 1.03 1.90 -1.90 0.10 -0.04 0.10  0.08 0.17 
Dra 684299   17 19 20.00  +57 59 43.2  4674  48 1.21 1.86 -2.10 0.10  0.04 0.12 -0.26 0.19 
Dra 646687   17 19 14.89  +57 56 51.8  4833  45 1.48 1.79 -2.37 0.11 -0.02 0.20  0.29 0.25 
Dra 594386   17 19 13.44  +57 52 33.4  4350  16 0.62 2.00 -1.74 0.10  0.00 0.09  0.09 0.15 
Dra 582637   17 19 36.3   +57 51 24.9  4349  21 0.55 2.01 -1.96 0.10  0.07 0.09  0.41 0.13 
Dra 678863   17 19 10.81  +57 59 17.4  4316  18 0.39 2.05 -1.96 0.10 -0.04 0.09 -0.18 0.14 
Dra 554920   17 19 47.67  +57 48 36.6  4243  31 0.42 2.04 -2.11 0.10  0.00 0.09  0.11 0.13 
Dra 549817   17 19 34.66  +57 48 05.0  4866  44 1.44 1.80 -1.98 0.11  0.12 0.12  0.13 0.24 
Dra 591935   17 19 41.84  +57 52 19.2  4381  26 0.40 2.05 -2.61 0.10  0.26 0.09 -0.45 0.13 
Dra 640020   17 19 12.45  +57 56 23.0  4890  45 1.59 1.77 -1.72 0.11 -0.11 0.13 -0.67 0.27 
UMi Bel20025 15 10 10.20  +67 10 37.64 4386 114 1.32 1.83 -2.74 0.22  0.64 0.11  0.37 0.19 
UMi Bel20058 15 09 58.621 +67 16 19.80 4250  14 0.72 1.97 -1.57 0.10 -0.32 0.09  1.02 0.10 
UMi Bel20009 15 10 09.07  +67 12 52.14 4303  38 0.65 1.99 -1.70 0.10 -0.08 0.12 -0.25 0.15 
UMi Bel30113 15 10 27.103 +67 24 35.84 4232  19 0.74 1.97 -2.11 0.10  0.01 0.09  0.21 0.16 
UMi Bel10043 15 09 29.728 +67 12 58.35 4625 173 1.34 1.83 -2.02 0.23  0.50 0.14 -0.23 0.17 
UMi Bel30077 15 10 07.085 +67 22 53.27 4546  26 1.38 1.82 -2.94 0.11  0.16 0.19 -0.84 0.20 
UMi Bel30175 15 09 48.261 +67 20 18.14 4584  30 1.60 1.76 -1.84 0.10 -0.08 0.12  0.30 0.16 
UMi Bel30142 15 10 08.736 +67 18 38.04 4654  27 1.71 1.74 -2.01 0.11  0.08 0.12  0.69 0.16 
UMi Bel10208 15 09 48.957 +67 15 08.35 4896  32 1.84 1.71 -2.14 0.11 -0.08 0.18 -0.04 0.19 
UMi Bel30236 15 10 13.197 +67 23 16.49 4651  32 1.79 1.72 -2.30 0.11  0.19 0.13  0.14 0.20 
UMi Bel30187 15 10 04.798 +67 21 47.12 4636  33 1.79 1.72 -1.97 0.11  0.19 0.12  0.37 0.18 
UMi Bel30183 15 09 55.233 +67 21 37.23 4706  32 1.83 1.71 -2.25 0.11  0.28 0.14 -0.30 0.26 
UMi Pal119   15 10 12.67  +67 22 42.2  5075  48 2.00 1.67 -1.83 0.11 -0.36 0.23  0.75 0.21 
UMi Bel60017 15 08 09.058 +67 09 21.56 4515  37 1.33 1.83 -2.03 0.10  0.21 0.12  1.33 0.11 
UMi Bel10019 15 08 34.477 +67 10 34.27 4238  17 0.74 1.97 -2.21 0.10  0.05 0.09 -0.08 0.13 
UMi Bel10018 15 08 27.231 +67 10 07.71 4064  13 0.53 2.02 -1.62 0.10 -0.15 0.09  0.22 0.14 
UMi Bel60021 15 07 50.876 +67 11 12.95 4494  32 1.30 1.83 -2.45 0.11  0.09 0.17 -0.20 0.16 
UMi Bel50017 15 08 10.511 +67 17 07.11 4533  37 1.35 1.82 -2.17 0.10  0.03 0.12  0.27 0.20 
UMi Bel60022 15 08 15.519 +67 11 51.53 4610  32 1.39 1.81 -2.50 0.11  0.34 0.13 -0.08 0.15 
UMi Bel70098 15 08 19.197 +67 06 51.94 4644  35 1.42 1.81 -2.49 0.11  0.00 0.19  0.25 0.17 
UMi Bel70078 15 08 24.435 +67 05 44.28 4591  35 1.47 1.80 -2.54 0.11  0.14 0.16  0.03 0.17 
UMi Bel60098 15 08 17.257 +67 08 21.61 4830  33 1.82 1.71 -2.15 0.12  0.13 0.18 -0.04 0.23 
UMi Bel10119 15 08 28.132 +67 10 18.93 4672  33 1.78 1.72 -2.34 0.11 -0.19 0.21 -0.10 0.24 
UMi Bel10130 15 08 30.89  +67 10 58.77 4646  33 1.87 1.70 -1.92 0.11  0.28 0.13  0.19 0.24 
UMi Bel80127 15 08 28.723 +67 06 17.58 4780  35 1.94 1.68 -2.24 0.12  0.01 0.22 -0.50 0.27 
UMi Bel50323 15 07 56.402 +67 16 29.62 5011  49 2.36 1.58 -2.36 0.19  0.52 0.28  1.10 0.22 
UMi Bel10023 15 08 55.468 +67 15 15.94 4362  52 0.86 1.94 -1.68 0.10 -0.35 0.12  1.06 0.10 
UMi Bel10042 15 08 52.206 +67 12 46.63 4316  18 0.89 1.93 -2.23 0.10  0.12 0.09 -0.03 0.16 
UMi Bel40023 15 09 14.874 +67 17 44.83 4367  15 0.98 1.91 -2.12 0.10 -0.14 0.10  0.00 0.17 
UMi Bel10044 15 08 42.309 +67 13 12.95 4358  13 0.98 1.91 -1.91 0.10  0.05 0.09  0.07 0.18 
UMi Bel40030 15 09 08.323 +67 21 10.5  4486  23 1.31 1.83 -2.32 0.10  0.19 0.10 -0.11 0.17 
UMi Bel10091 15 09 06.465 +67 17 07.08 4529  25 1.35 1.82 -2.07 0.10 -0.12 0.12 -0.26 0.24 
UMi Pal157   15 09 39.29  +67 21 22.8  4750  41 1.48 1.79 -2.05 0.11 -0.02 0.13  0.38 0.19 
UMi Bel40502 15 09 33.193 +67 22 32.25 4726  32 2.03 1.66 -1.76 0.11 -0.39 0.23  0.56 0.26 
Scl 1002447  00 59 21.661 -33 41 01.61 4710  38 1.27 1.84 -2.02 0.10  0.26 0.10 -0.42 0.21 
Scl 1003386  00 59 26.867 -33 40 28.9  4695  34 1.49 1.79 -1.29 0.10  0.06 0.10 -0.34 0.22 
Scl 1003443  00 59 27.336 -33 38 47.34 4436  68 1.26 1.84 -1.82 0.10 -0.11 0.13 -0.56 0.24 
Scl 1003505  00 59 27.129 -33 43 42.13 4391  24 0.88 1.93 -1.81 0.10  0.05 0.09 -0.22 0.14 
Scl 1003702  00 59 28.724 -33 38 56.76 4604  50 1.58 1.77 -1.87 0.10  0.14 0.11 -0.52 0.26 
Scl 1004135  00 59 30.622 -33 42 06.75 4670  44 1.51 1.79 -2.09 0.11  0.09 0.12 -0.38 0.19 
Scl 1004775  00 59 33.816 -33 42 37.92 4639  38 1.51 1.79 -1.29 0.10 -0.23 0.11 -0.43 0.23 
Scl 1004838  00 59 34.091 -33 43 51.28 4593  32 1.49 1.79 -1.57 0.10  0.04 0.10 -0.24 0.18 
Scl 1004861  00 59 34.241 -33 43 18.73 4859  46 1.74 1.73 -1.68 0.11  0.16 0.11 -0.57 0.22 
Scl 1005103  00 59 35.374 -33 44 09.2  3873  11 0.39 2.05 -1.28 0.10 -0.37 0.08 -0.22 0.16 
Scl 1005366  00 59 36.956 -33 41 55.66 4429  19 1.07 1.89 -1.41 0.10 -0.03 0.09 -0.36 0.18 
Scl 1005429  00 59 37.104 -33 43 06.22 4689  38 1.33 1.83 -2.60 0.11  0.41 0.11 -0.55 0.18 
Scl 1005527  00 59 37.572 -33 43 33.35 4476  22 1.06 1.89 -1.32 0.10  0.01 0.09 -0.26 0.15 
Scl 1005745  00 59 38.401 -33 45 10.55 4167  22 0.69 1.98 -1.67 0.10  0.11 0.09  0.19 0.14 
Scl 1006833  00 59 44.414 -33 43 00.29 4665  35 1.61 1.76 -1.43 0.10 -0.08 0.10 -0.67 0.23 
Scl 1006970  00 59 44.908 -33 44 34.81 4467  19 1.07 1.89 -1.07 0.10 -0.20 0.09 -0.89 0.20 
Scl 1007034  00 59 45.317 -33 43 53.56 4576  25 1.06 1.89 -1.85 0.10  0.03 0.09 -0.22 0.15 
Scl 1007039  00 59 44.732 -33 49 12.84 4518  28 1.05 1.90 -1.93 0.10  0.14 0.09 -0.19 0.16 
Scl 1007312  00 59 46.158 -33 48 38.93 4346  16 0.83 1.95 -1.59 0.10  0.06 0.09 -0.17 0.14 
Scl 1007349  00 59 46.903 -33 43 45.6  4486  21 1.20 1.86 -1.43 0.10  0.10 0.09 -0.28 0.19 
Scl 1007490  00 59 47.264 -33 46 30.32 4187  14 0.67 1.98 -1.23 0.10 -0.35 0.09 -0.22 0.15 
Scl 1007618  00 59 47.671 -33 47 29.17 4319  16 0.86 1.94 -1.12 0.10  0.00 0.10 -0.28 0.15 
Scl 1007842  00 59 49.099 -33 44 04.62 4483  24 1.13 1.87 -1.96 0.10  0.23 0.09 -0.05 0.17 
Scl 1007969  00 59 49.421 -33 46 46.61 4758  51 1.65 1.75 -2.00 0.11  0.26 0.11 -0.51 0.26 
Scl 1008226  00 59 50.21  -33 51 23.33 4729  84 2.01 1.67 -1.95 0.12 -0.21 0.25  0.94 0.20 
Scl 1008505  00 59 51.902 -33 47 43.31 4434  18 1.06 1.89 -1.23 0.10 -0.09 0.09 -0.10 0.15 
Scl 1008522  00 59 52.28  -33 44 54.47 4230  14 0.55 2.01 -2.01 0.10  0.11 0.09  0.05 0.13 
Scl 1008666  00 59 52.849 -33 45 18.51 4587  34 1.19 1.86 -2.30 0.10  0.16 0.10 -0.86 0.18 
Scl 1009300  00 59 55.679 -33 46 39.76 4326  15 0.65 1.99 -2.17 0.10  0.20 0.09 -0.45 0.15 
Scl 1009320  00 59 55.868 -33 45 43.4  4648  23 1.30 1.83 -1.26 0.10 -0.14 0.09 -0.10 0.19 
Scl 1009336  00 59 55.716 -33 48 00.63 4666  38 1.57 1.77 -1.56 0.10  0.10 0.10 -0.31 0.22 
Scl 1009529  00 59 56.713 -33 46 43.27 4516  20 1.14 1.87 -1.33 0.10 -0.06 0.09 -0.16 0.17 
Scl 1009824  00 59 58.239 -33 45 50.44 4356  17 0.85 1.94 -1.57 0.10  0.09 0.09  0.01 0.15 
Scl 1010313  00 59 59.987 -33 50 54.43 4770  52 1.61 1.76 -2.78 0.13  0.47 0.17 -0.43 0.21 
Scl 1010524  01 00 01.265 -33 47 34.33 4626  26 1.50 1.79 -1.02 0.10 -0.06 0.10 -0.43 0.23 
Scl 1010633  01 00 01.448 -33 51 16.41 4614  31 1.07 1.89 -1.96 0.10  0.10 0.10 -1.64 0.21 
Scl 1010730  01 00 01.987 -33 50 22.6  4681  39 1.63 1.76 -1.27 0.10 -0.10 0.11  0.11 0.20 
Scl 1010824  01 00 02.556 -33 48 49.59 4427  25 0.91 1.93 -2.33 0.10  0.30 0.09 -0.42 0.14 
Scl 1011261  01 00 04.222 -33 52 21.75 4397  36 0.82 1.95 -2.73 0.10  0.35 0.10 -0.63 0.13 
Scl 1011316  01 00 04.813 -33 49 32.98 4512  21 1.09 1.89 -1.45 0.10 -0.09 0.09 -0.27 0.18 
Scl 1011518  01 00 05.955 -33 48 09.27 4595  34 1.43 1.80 -2.01 0.10  0.24 0.10  0.23 0.17 
Scl 1011828  01 00 07.278 -33 48 16.94 4749  28 1.39 1.81 -1.24 0.10 -0.09 0.09  0.14 0.19 
Scl 1005921  00 59 40.325 -33 36 06.37 4250  16 0.73 1.97 -1.66 0.10  0.15 0.09  0.20 0.14 
Scl 1005940  00 59 40.465 -33 35 53.79 4413  31 0.94 1.92 -2.48 0.10  0.45 0.10 -0.11 0.17 
Scl 1008035  00 59 50.815 -33 36 20.54 4526  26 1.26 1.84 -1.18 0.10 -0.10 0.10 -0.36 0.22 
Scl 1008106  00 59 50.991 -33 38 36.36 4668  56 1.68 1.74 -2.19 0.11  0.32 0.13  0.91 0.21 
Scl 1008462  00 59 52.643 -33 38 56.13 4570  41 1.44 1.80 -1.80 0.10  0.05 0.11 -0.03 0.23 
Scl 1008832  00 59 54.469 -33 37 53.28 4644  20 1.10 1.88 -1.21 0.10 -0.10 0.09  0.05 0.19 
Scl 1008882  00 59 54.876 -33 36 30.22 4758  52 1.57 1.77 -2.07 0.11  0.44 0.12 -0.55 0.27 
Scl 1009348  00 59 56.718 -33 38 30.62 4708  41 1.52 1.78 -1.43 0.10 -0.29 0.13 -0.10 0.25 
Scl 1009387  00 59 56.781 -33 39 28.45 4640  61 1.53 1.78 -1.44 0.11  0.11 0.11  0.27 0.22 
Scl 1009538  00 59 57.597 -33 38 32.32 4416  23 1.01 1.90 -1.67 0.10  0.10 0.09  0.03 0.16 
Scl 1009708  00 59 58.235 -33 40 29.94 4902  85 1.95 1.68 -1.86 0.12  0.30 0.20  0.74 0.26 
Scl 1010002  00 59 59.639 -33 39 31.66 4494  24 1.10 1.88 -1.29 0.10 -0.09 0.09 -0.13 0.18 
Scl 1010042  01 00 00.047 -33 37 28.09 4674  31 1.42 1.81 -1.17 0.10 -0.14 0.10 -0.27 0.24 
Scl 1010069  01 00 00.064 -33 38 34.17 4182  15 0.52 2.02 -1.35 0.10 -0.30 0.09  0.18 0.13 
Scl 1010125  01 00 00.056 -33 40 56.65 4642  42 1.51 1.78 -1.45 0.10 -0.07 0.11 -0.46 0.26 
Scl 1010320  01 00 00.974 -33 41 36.03 4572  36 1.25 1.85 -1.88 0.10  0.19 0.10  0.05 0.19 
Scl 1010388  01 00 01.475 -33 39 49.53 4272  17 0.89 1.93 -1.16 0.10 -0.06 0.10 -0.12 0.16 
Scl 1010533  01 00 02.171 -33 39 16.72 4653  35 1.37 1.82 -1.64 0.10  0.01 0.10  0.21 0.19 
Scl 1010605  01 00 02.403 -33 40 19.85 4353  27 0.74 1.97 -2.65 0.10  0.27 0.10 -0.44 0.14 
Scl 1010628  01 00 02.457 -33 41 16.32 4509  28 1.26 1.85 -1.38 0.10 -0.10 0.10 -0.19 0.21 
Scl 1011442  01 00 06.19  -33 42 38.95 4672  43 1.59 1.77 -1.32 0.10 -0.18 0.12 -0.39 0.27 
Scl 1011513  01 00 06.714 -33 40 27.1  4654  36 1.53 1.78 -1.44 0.10 -0.08 0.10 -0.07 0.22 
Scl 1011529  01 00 06.354 -33 44 57.61 4597  31 1.29 1.84 -1.40 0.10 -0.06 0.10 -0.01 0.22 
Scl 1011633  01 00 06.874 -33 43 44.63 4649  49 1.55 1.77 -1.88 0.11  0.22 0.12  0.10 0.24 
Scl 1011716  01 00 07.571 -33 40 52.3  4728  37 1.53 1.78 -1.28 0.10 -0.26 0.11 -0.02 0.22 
Scl 1011742  01 00 07.436 -33 43 19.68 4447  25 0.86 1.94 -1.90 0.10  0.02 0.09 -0.71 0.16 
Scl 1011802  01 00 07.401 -33 45 57.18 4442  36 0.85 1.94 -1.91 0.10  0.24 0.10 -0.06 0.16 
Scl 1011834  01 00 07.797 -33 43 45.0  4987  66 1.83 1.71 -1.73 0.11 -0.01 0.15  0.09 0.27 
Scl 1011955  01 00 08.469 -33 42 03.52 4561  31 1.41 1.81 -1.27 0.10 -0.13 0.10 -0.16 0.27 
Scl 1012132  01 00 09.395 -33 42 23.55 4723  44 1.37 1.82 -2.10 0.11  0.23 0.11  0.31 0.19 
Scl 1012257  01 00 09.773 -33 43 44.24 4463  25 1.19 1.86 -1.08 0.10 -0.37 0.09  1.00 0.10 
Scl 1012316  01 00 10.385 -33 41 04.54 4472  30 1.12 1.88 -1.44 0.10  0.04 0.09  0.24 0.16 
Scl 1013095  01 00 13.89  -33 41 22.29 4887  87 2.19 1.62 -1.39 0.11 -0.09 0.17  1.24 0.18 
Scl 1013218  01 00 14.414 -33 41 46.68 4622  44 1.49 1.79 -1.55 0.10 -0.06 0.11  1.51 0.11 
Scl 1013820  01 00 17.126 -33 42 03.67 4855  41 1.76 1.73 -1.10 0.10 -0.15 0.11  0.05 0.25 
Scl 1013881  01 00 17.079 -33 45 13.64 4734  59 1.37 1.82 -2.15 0.11  0.45 0.13  0.92 0.16 
Scl 1013928  01 00 17.503 -33 43 07.53 4603  31 1.39 1.81 -1.31 0.10 -0.09 0.10  0.03 0.20 
Scl 1014027  01 00 17.591 -33 46 54.83 4458  56 1.13 1.88 -2.04 0.10  0.14 0.11  0.11 0.17 
Scl 1014153  01 00 18.232 -33 47 07.85 4812  61 1.71 1.74 -1.04 0.10 -0.18 0.14 -0.06 0.25 
Scl 1014294  01 00 18.954 -33 45 14.58 4511  48 0.98 1.91 -1.90 0.10  0.22 0.10  0.00 0.16 
Scl 1014488  01 00 19.76  -33 46 02.86 4656  77 1.74 1.73 -2.05 0.12  0.23 0.17  0.79 0.22 
Scl 1014531  01 00 19.964 -33 45 44.52 4465  38 1.13 1.88 -1.14 0.10 -0.25 0.11 -0.10 0.16 
Scl 1014728  01 00 20.746 -33 47 10.72 4325  40 0.73 1.97 -1.73 0.10 -0.26 0.10 -0.63 0.15 
Scl 1015644  01 00 25.074 -33 43 33.21 4587  68 1.19 1.86 -2.00 0.10  0.05 0.13 -0.16 0.21 
Scl 1010215  01 00 00.783 -33 38 27.61 4569  42 1.35 1.82 -1.73 0.11  0.08 0.13 -0.20 0.22 
Scl 1010229  01 00 00.558 -33 41 36.16 4294  26 0.95 1.92 -1.48 0.10  0.15 0.11  0.18 0.16 
Scl 1010559  01 00 02.295 -33 38 52.38 4164  19 0.69 1.98 -1.22 0.10 -0.02 0.10 -0.04 0.16 
Scl 1010568  01 00 02.219 -33 40 20.76 4402  30 1.08 1.89 -1.44 0.10  0.03 0.11  0.06 0.17 
Scl 1011213  01 00 05.537 -33 37 56.88 4678  42 1.53 1.78 -1.03 0.10 -0.04 0.12  0.19 0.20 
Scl 1011494  01 00 06.736 -33 39 26.07 4789  50 1.56 1.77 -1.74 0.11  0.39 0.13  0.19 0.24 
Scl 1011587  01 00 07.051 -33 40 46.38 4481  38 1.31 1.83 -1.45 0.10 -0.03 0.12 -0.03 0.21 
Scl 1011954  01 00 08.537 -33 41 20.26 4824  63 1.70 1.74 -2.09 0.14  0.25 0.22  0.34 0.25 
Scl 1012307  01 00 10.186 -33 42 39.7  4929  83 2.06 1.66 -1.26 0.13 -0.12 0.26  1.16 0.18 
Scl 1013242  01 00 14.685 -33 39 57.48 4290  20 0.81 1.95 -1.17 0.10  0.03 0.10 -0.30 0.19 
Scl 1013377  01 00 15.362 -33 39 05.9  4226  19 0.60 2.00 -1.51 0.10 -0.22 0.09 -0.03 0.18 
Scl 1013911  01 00 17.354 -33 43 59.4  4426  42 1.07 1.89 -2.43 0.11  0.29 0.12  0.01 0.17 
Scl 1013949  01 00 17.802 -33 41 14.68 4559  39 1.44 1.80 -1.37 0.10 -0.10 0.12 -0.18 0.26 
Scl 1013976  01 00 17.611 -33 44 10.88 4518  36 1.24 1.85 -1.41 0.10  0.14 0.11  0.11 0.16 
Scl 1014192  01 00 19.089 -33 40 07.38 4751  45 1.48 1.79 -1.56 0.10  0.03 0.12  0.27 0.23 
Scl 1015134  01 00 22.967 -33 43 02.05 4140  17 0.60 2.00 -1.19 0.10 -0.09 0.10 -0.58 0.18 
Scl 1015237  01 00 23.289 -33 44 17.39 4797  67 1.76 1.73 -1.78 0.12  0.15 0.17 -0.09 0.26 
Scl 1015286  01 00 23.095 -33 48 09.43 4640  51 1.51 1.78 -1.31 0.10 -0.03 0.14  0.22 0.19 
Scl 1015388  01 00 24.217 -33 40 57.9  4691  53 1.74 1.73 -1.94 0.12  0.26 0.16  0.71 0.24 
Scl 1015548  01 00 24.615 -33 44 28.66 4450  38 0.99 1.91 -2.17 0.10  0.21 0.11  0.09 0.18 
Scl 1015616  01 00 25.184 -33 41 45.98 4845  57 1.66 1.75 -2.27 0.12  0.31 0.17 -0.28 0.26 
Scl 1015746  01 00 25.296 -33 46 37.9  4657  47 1.52 1.78 -1.48 0.11  0.00 0.14 -0.39 0.25 
Scl 1016486  01 00 28.42  -33 47 41.38 4632  50 1.27 1.84 -2.52 0.12  0.52 0.15 -0.32 0.17 
Scl 1016539  01 00 28.537 -33 48 50.25 4614  51 1.40 1.81 -1.76 0.11  0.17 0.13  0.18 0.19 
Scl 1016610  01 00 29.423 -33 42 56.02 4240  20 0.78 1.96 -1.43 0.10 -0.02 0.09  0.12 0.14 
Scl 1016727  01 00 29.91  -33 43 28.8  4628  58 1.42 1.81 -2.28 0.12  0.36 0.14 -0.26 0.22 
Scl 1016958  01 00 30.687 -33 45 32.07 4572  40 1.45 1.80 -1.36 0.10 -0.06 0.12 -0.30 0.23 
Scl 1017220  01 00 32.132 -33 44 18.46 4271  19 0.63 1.99 -1.62 0.10  0.20 0.09  0.05 0.14 
Scl 1017418  01 00 32.883 -33 45 24.31 4546  41 1.23 1.85 -1.57 0.10 -0.12 0.12 -0.33 0.20 
Scl 1017995  01 00 35.437 -33 46 58.87 4496  31 1.21 1.86 -1.37 0.10  0.12 0.10 -0.13 0.18 
Scl 1018123  01 00 35.929 -33 48 14.29 4280  23 0.79 1.96 -1.55 0.10  0.05 0.10  0.15 0.14 
Scl 1018551  01 00 38.114 -33 48 16.74 4182  20 0.53 2.02 -1.72 0.10  0.14 0.09 -0.05 0.14 
Scl 1010841  01 00 03.592 -33 39 26.87 4314  24 0.80 1.95 -1.34 0.10 -0.13 0.10  0.06 0.14 
For 73729    02 40 04.39  -34 27 11.6  3813   8 0.35 2.06 -0.64 0.10  0.00 0.10  0.26 0.19 
For 1        02 40 09.97  -34 29 59.1  4069  14 0.52 2.02 -1.72 0.10 -0.03 0.09  0.06 0.18 
For 91907    02 40 21.49  -34 35 20.9  4022  17 0.64 1.99 -1.08 0.10  0.05 0.11  0.42 0.17 
For 83709    02 40 13.49  -34 30 02.1  4016  11 0.52 2.02 -0.72 0.10  0.21 0.10  0.53 0.16 
For 79866    02 40 09.87  -34 29 08.4  4135  14 0.72 1.97 -1.06 0.10  0.15 0.10  0.40 0.23 
For 76382    02 40 06.78  -34 29 27.4  4115  14 0.69 1.98 -1.14 0.10  0.02 0.10 -0.01 0.21 
For 75425    02 40 05.94  -34 32 00.8  4074  13 0.55 2.01 -1.42 0.10 -0.16 0.09 -0.09 0.19 
For 55609    02 39 47.91  -34 27 46.7  3907  12 0.55 2.01 -0.83 0.10 -0.07 0.10  0.45 0.17 
For 40828    02 39 35.23  -34 24 40.10 4096  15 0.67 1.98 -1.16 0.10  0.19 0.10  0.05 0.26 
For 78829    02 40 08.9   -34 34 09.8  4230  21 0.97 1.91 -0.90 0.10  0.11 0.11  0.38 0.21 
For 69557    02 40 00.57  -34 32 21.5  4227  23 1.03 1.90 -1.10 0.10 -0.08 0.11  0.00 0.27 
For 69279    02 40 00.32  -34 28 21.3  4295  19 1.00 1.91 -1.07 0.10  0.00 0.11  0.33 0.21 
For 68357    02 39 59.44  -34 32 12.6  4373  20 1.03 1.90 -1.15 0.10  0.07 0.10  0.68 0.19 
For 78501    02 40 08.61  -34 35 11.0  5065  39 1.66 1.75 -0.85 0.11  0.08 0.15  1.18 0.16 
For 95661    02 40 25.13  -34 33 00.20 3976  16 0.36 2.06 -1.51 0.10 -0.09 0.10  0.04 0.22 
For 90067    02 40 19.65  -34 33 41.7  3740  11 0.40 2.05 -0.78 0.10 -0.10 0.11  0.23 0.21 
For 82274    02 40 12.12  -34 30 47.6  4112  16 0.74 1.97 -1.13 0.10 -0.12 0.10  1.03 0.10 
For 81876    02 40 11.72  -34 29 59.5  3849  12 0.44 2.04 -0.89 0.10 -0.12 0.11  0.78 0.13 
For 81604    02 40 11.46  -34 29 13.2  4381  18 0.96 1.92 -1.67 0.10  0.13 0.10  0.24 0.25 
For 79473    02 40 09.48  -34 29 47.9  4130  15 0.74 1.97 -1.15 0.10 -0.18 0.10 -0.20 0.25 
For 75661    02 40 06.15  -34 28 52.2  3902  12 0.16 2.10 -1.11 0.10 -0.17 0.09  0.26 0.17 
For 74926    02 40 05.48  -34 32 42.7  3747  11 0.21 2.09 -1.03 0.10 -0.20 0.10  0.39 0.19 
For 74618    02 40 05.19  -34 33 58.7  3892  13 0.59 2.00 -0.91 0.10 -0.11 0.11  0.55 0.15 
For 71555    02 40 02.41  -34 30 37.6  4207  18 0.83 1.95 -1.11 0.10  0.18 0.10  0.32 0.21 
For 64059    02 39 55.38  -34 29 54.8  3794  12 0.32 2.07 -1.05 0.10 -0.21 0.10  0.01 0.19 
For 55262    02 39 47.65  -34 27 05.8  4016  19 0.45 2.04 -0.91 0.10  0.32 0.13  0.43 0.17 
For 84939    02 40 14.64  -34 35 06.2  4310  23 1.03 1.90 -1.19 0.10  0.01 0.13  0.11 0.27 
For 43926    02 39 37.96  -34 22 37.1  4630  26 1.28 1.84 -0.93 0.10 -0.02 0.12  0.70 0.20 
For 67102    02 39 58.22  -34 25 49.2  4777  28 1.68 1.75 -0.96 0.11  0.07 0.14  1.00 0.13 
For 90218    02 40 19.81  -34 34 08.0  4570  35 1.68 1.74 -0.93 0.11 -0.46 0.20  0.86 0.25 
Sex 212      10 12 16.13  -01 45 47.9  4389  17 0.78 1.96 -1.64 0.10 -0.29 0.09 -0.48 0.16 
Sex 169      10 12 41.86  -01 45 27.0  4270  13 0.56 2.01 -1.87 0.10 -0.03 0.09  0.14 0.14 
Sex 390      10 13 23.76  -01 35 36.2  4769  34 1.46 1.80 -1.88 0.10 -0.20 0.12 -0.25 0.20 
Sex 442      10 13 55.83  -01 39 29.5  4822  36 1.57 1.77 -1.84 0.11 -0.18 0.16  0.13 0.20 
Sex 470      10 13 26.01  -01 36 10.9  4728  33 1.55 1.78 -1.67 0.10 -0.16 0.12 -0.22 0.20 
