            2MASS Vmag         MJD  Exp S/N     HRV e_HRV Source         RA         DEC               RAdeg              DECdeg Teff logg [Fe/H] e_fe NFeI NFeII   vt f_2MASS ulc [C/Fe] [Sr/Fe] ulba [Ba/Fe] uleu [Eu/Fe] Sub-class
----------------- ---- ----------- ---- --- ------- ----- ------ ---------- ----------- ------------------- ------------------- ---- ---- ------ ---- ---- ----- ---- ------- --- ------ ------- ---- ------- ---- ------- ---------
J00002416-1107454 12.0 58080.06763 3123  40 -106.81  0.21      S 00:00:24.0 -11:07:44.4 0.09999999999999999 -11.129000000000001 4693 1.37   -2.4 0.12   90    26 2.11               0.24   -0.32        -0.27          0.5       r-I
J00023429-1924590 10.9 58077.04492 1100  28 -100.36  0.22      R 00:02:34.3 -19:24:59.0  0.6429166666666666  -19.41638888888889 4400 1.15  -2.22 0.14   32    15 2.97               0.06    0.08        -0.27         0.56       r-I
J00041581-5815524 10.9 58075.05943 1100  25  184.69  0.27      R 00:04:15.8 -58:15:52.5  1.0658333333333332 -58.264583333333334 4375  1.5  -2.32 0.17   30    12 2.81              -0.16    0.72          0.3         0.95      r-II
J00062986-5049319 10.5 58074.10377  906  42  214.56  0.39     SH 00:06:29.8 -50:49:30.0  1.6241666666666665             -50.825 4647 0.75  -2.59 0.15   86    27 2.36               0.11   -0.45         -0.7        -0.15   non-RPE
J00093394-1857008 11.2 58081.06715 1200  46  -67.34  0.23      R 00:09:34.0  -18:57:1.1   2.391666666666666 -18.950305555555556 4815 1.78  -1.85 0.14  115    27 1.56               0.06    0.13         0.23         0.46       r-I
J00154806-6253207 11.0  58075.0257 1200  28  204.55  0.44      R 00:15:48.1 -62:53:20.7   3.950416666666666  -62.88908333333333 4725 1.78   -2.3 0.15   60    16 2.09              -0.33     0.3         0.08          0.4       r-I
J00172430-3333151 12.2 57985.00459 1200  25  -17.33  0.28      R 00:17:24.3 -33:33:15.1   4.351249999999999  -33.55419444444444 4764 1.73  -2.29 0.13   69    16 2.02               0.23    0.35         0.05         0.59       r-I
J00182832-3900338 11.2 58076.02986 1400  31  346.12  0.21      R 00:18:28.3 -39:00:32.4   4.617916666666666             -39.009 4639 1.34  -1.75 0.13   60    17 2.09               0.14    0.28         0.07         0.57       r-I
J00223225-4839449 11.1 58075.04273 1200  27  243.54   0.2      R 00:22:32.2 -48:39:43.2   5.634166666666665             -48.662 4648  1.4  -1.75 0.15  102    21 2.15                0.2   -0.05          0.1         0.65       r-I
J00374325-1204391 11.1 57985.00459  800  35  -27.84  0.41      R 00:37:43.3 -12:04:39.2   9.430416666666666 -12.077555555555556 4695 1.31   -2.4 0.13   98    23 1.98               0.42     0.0        -0.27         0.28   non-RPE
J00410929-0328595 11.5 58075.07915 1600  32  -42.17  0.24      H  00:41:9.1 -03:28:58.8  10.287916666666666              -3.483 4898 1.78  -2.53 0.15   84    15 2.21               0.46   -0.16        -0.49         0.12   non-RPE
J00413026-4058547 11.3 58077.06495 1540  36  354.36  1.81      R 00:41:30.3 -40:58:54.6  10.376249999999999 -40.981833333333334 4605 1.19  -2.57 0.17   78    22 2.17                0.2    0.04        -0.27         0.38       r-I
J00442897-1017497 10.8 58076.04883 1152  33   -2.74  0.16      H 00:44:28.8 -10:17:49.2  11.119999999999997             -10.297 4672 1.31  -2.35 0.15  101    24 2.07               0.36   -0.08        -0.07         0.47       r-I
J00452879-5846450 10.6 58076.06452  900  32  184.17  0.57      R 00:45:28.7 -58:46:45.1  11.369583333333333  -58.77919444444444 4754 1.27  -2.22 0.16   96    26 2.02               0.37    0.28         0.12         0.57       r-I
J00482431-1041309 10.8  58077.0293 1000  32  -88.81  0.23      R 00:48:24.2 -10:41:31.2  12.100833333333332             -10.692 4764 1.08  -2.45 0.15   83    26 2.43               0.47    0.25         0.09         0.45       r-I
J00584386-3005576 10.7  58077.0844 1000  49   27.36  0.83      H 00:58:43.7 -30:05:56.4  14.682083333333333             -30.099 4833 1.65   -3.5 0.15   78    12  1.5               0.66   -1.12    <   -0.15    <     0.3   unknown
J01083959-2857013 12.6 57985.00459 1010  20  139.24  0.55      R 01:08:39.6  -28:57:1.5  17.164999999999996 -28.950416666666666 4936 2.01  -2.84 0.13   49     9 1.39               0.13    0.46        -0.13    <     0.5   unknown
J01094330-5907230 12.2 58078.07975 2700  32   65.47  0.29      S 01:09:43.2 -59:07:22.8  17.429999999999996             -59.123 4714 1.13  -2.46 0.15   80    27 2.03               0.51    0.08        -0.49         0.01 limited-r
J01213447-2528002 11.7 57985.00459  900  27   33.17  0.26      R 01:21:34.5  -25:28:1.2  20.393749999999997             -25.467 4551 1.05  -2.61 0.14   79    21 2.33               0.24    0.13         -0.3          0.3       r-I
J01265856+0135153 12.7 58078.11736 3000  21 -221.38  0.92      H 01:26:58.6 +01:35:13.2  21.744166666666665  1.5870000000000002 4355 0.52  -3.39  0.2   33    11 2.11               -0.2   -0.77        -0.93    <     0.0   non-RPE
J01311599-4016510 11.1 57985.00459  800  35  -33.31  0.38      R 01:31:16.0 -40:16:51.2  22.816666666666663  -40.28088888888889 4824 1.63  -2.17 0.13   97    23 2.05               0.27    0.18        -0.12         0.53       r-I
J01321981-3040512 10.8 57985.00459 1000  43   -94.6  0.22      R 01:32:19.8 -30:40:52.1  23.082499999999996  -30.68113888888889 5175 2.87  -2.13 0.12  101    22 1.57              -0.14    0.07         0.03         0.42       r-I
J01352315-0817533 10.9 58080.09427  900  36   84.45   0.3      R 01:35:23.2 -08:17:53.5  23.846666666666668  -8.298194444444444 4733 1.52  -2.06 0.14   84    24 1.77               0.28    0.57         1.02         0.43         s
J01371888-1729037  9.7 58077.09636  400  38 -204.31  0.55      D 01:37:19.0  -17:29:2.4  24.329166666666662             -17.484 4381 0.66  -2.55 0.15   68    23 2.82              -0.07   -0.18        -0.31         0.33       r-I
J01373857-2618131 11.4 57985.00459  683  20  -91.61  0.53      S 01:37:38.6 -26:18:13.3  24.410833333333333 -26.303694444444446 4579 1.03   -2.8 0.15   51    13 2.09               0.57     0.0         0.03         0.62       r-I
J01425232-4657481 11.2 58081.08651 1006  40  131.29  0.16     RS 01:42:52.3 -46:57:48.5   25.71791666666666  -46.96347222222222 5126  2.6  -2.04 0.14  100    19 1.67               0.03    0.22        -0.13         0.22   non-RPE
J01425445-0904162  9.6 58081.09799  400  44  -60.18  0.19      M 01:42:54.5 -09:04:15.6   25.72708333333333              -9.071 4662 1.59  -1.73 0.14  156    24 1.98              -0.15     0.3         0.35         0.83      r-II
J01451383-4302313 12.2 58081.11611 2193  36  114.91  0.15      R 01:45:13.8 -43:02:31.3  26.307499999999997 -43.042027777777776 4910 1.83  -2.09 0.15  105    23 1.97              -0.02   -0.25        -0.15         0.13   non-RPE
J01493760-4551222 10.4 57985.00459  700  26   66.11  0.51     RH 01:49:37.6 -45:51:22.3  27.406666666666663  -45.85619444444445 4965  1.5  -2.72  0.1   49    16  2.5               0.36    -0.4        -0.05          0.3       r-I
J02070641-5009166 11.2 57985.00459  654  21  109.52  0.28      R  02:07:6.4 -50:09:16.6  31.776666666666664  -50.15461111111111 4526 0.98  -2.15 0.14   46    16 2.68              -0.04    0.13          0.2         0.65       r-I
J02212400-4056480 13.8 58078.15299 2400  18   -80.5  0.29      S 02:21:24.0 -40:56:48.0               35.35 -40.946666666666665 4797 0.94  -2.52 0.15   46    16 1.93               0.83   -0.18        -0.18         0.46       r-I
J02215117-5933316 11.7 58079.10877 1800  33   14.69  0.29      H 02:21:51.1 -59:33:32.4  35.462916666666665             -59.559 5119 2.85  -2.68 0.16   77    13 2.58               0.26    0.25        -0.18    <     0.5   unknown
J02215557-5410143 10.4 57985.00459  456  29  128.94  0.85      R 02:21:55.6 -54:10:14.4   35.48166666666666  -54.17066666666666 5842 3.53  -2.09 0.13   85    18 1.54                0.0    0.22         0.42    <     0.8   unknown
J02215793-2130429 10.5 58080.11086  700  48  104.89  0.13      R 02:21:57.8 -21:30:43.2   35.49083333333333             -21.512 4806  1.5  -1.98 0.12   87    18 1.83              -0.11    0.24         0.14         0.18   non-RPE
J02230804-3129531 11.5 58080.13146 1600  42   62.55  0.44      R  02:23:7.9 -31:29:52.8  35.782916666666665             -31.498 4757 1.52  -1.82 0.16  111    26 1.93               0.12    0.15          0.1         0.45       r-I
J02265832-0749596 10.5 57985.00459  800  42  -39.47  0.22      R 02:26:58.4 -07:49:59.7   36.74333333333333            -7.83325 5088 2.74  -1.94 0.11  100    22 1.66              -0.04    0.23         0.08         0.56       r-I
J02515281-3717316 10.4 57985.00459  800  39   35.04  0.31      R 02:51:52.8 -37:17:31.6               42.97  -37.29211111111111 4660 0.83  -2.33 0.13   82    22 2.27               0.34   -0.33        -0.22         0.33       r-I
J02570028-3024374 10.3 58081.15912  691  57  106.21  0.24      R  02:57:0.2 -30:24:36.0   44.25083333333333              -30.41 4833 1.84  -2.09 0.13  106    23 1.44               0.33   -0.03         0.03         0.55       r-I
J03142084-1035112 12.7 58080.19114 3600  29  241.24   0.1      H 03:14:20.9  -10:35:9.6  48.587083333333325             -10.586 4769 1.15  -3.75 0.12   37     7 2.11               1.45   -1.52    <   -0.35    <    0.55   unknown
J03190629-0819306 11.1 58079.18352 1000  34  293.47  0.61      R  03:19:6.2 -08:19:30.0  49.775833333333324              -8.325 4751 1.45  -2.24 0.14   94    24 1.84               0.21   -0.12        -0.55        -0.15   non-RPE
J03210882-3944213 10.8 58079.23196 2400  43   97.31  0.26      R  03:21:8.9 -39:44:20.4  50.287083333333335 -39.739000000000004 4671 1.18  -1.91 0.16  149    32 2.24               0.03     0.2         0.13         0.55       r-I
J03422816-6500355 11.0 58081.17478 1400  37  113.58  0.21      R 03:42:28.2 -65:00:35.8   55.61749999999999  -65.00994444444444 4976 2.29  -2.16 0.13  143    25 2.05               0.06    0.33          0.4         1.05      r-II
J03425812-3047217 10.9 57985.00459  500  30  296.96  0.62      R 03:42:58.1 -30:47:21.9   55.74208333333333 -30.789416666666668 5381 1.66  -2.35 0.12   52    19 1.64           <           0.75         0.55         0.67       r-I
J04012191-2635058 10.6 58078.17787  600  45    7.37  0.41      H 04:01:21.8  -26:35:6.0   60.34083333333332 -26.584999999999997 4856 1.93  -2.17 0.13  104    27 1.78               0.13    0.13         0.15         0.38       r-I
J04014897-3757533 11.6 57985.00459  800  29  156.55  0.17      R 04:01:49.0 -37:57:53.4  60.454166666666666  -37.96483333333334 4797 1.02  -2.28 0.13   97    23 2.32               0.42    0.07         0.17         0.18   non-RPE
J04182158-2323391 10.1 58081.19374  600  44    50.4  0.26      R 04:18:21.6 -23:23:38.4   64.58999999999999             -23.394 4633 1.37  -1.76 0.15   92    27 1.86               0.06    0.19         0.13         0.48       r-I
J04263084-4058516 12.1 58078.19383 1587  31  122.72  0.26      R 04:26:30.8 -40:58:51.7   66.62833333333333  -40.98102777777778 4612 1.37  -2.43 0.15   72    18  2.0              -0.01    0.02         0.07          0.4       r-I
J04315411-0632100 11.3 58081.20728 1108  41  209.37  0.27      R 04:31:54.1 -06:32:11.2   67.97541666666666  -6.536444444444444 5274 3.39  -2.18 0.13   83    13 1.28              -0.05    0.05         -0.1          0.3       r-I
J04350131-0959363 13.0 58078.23106 3000  28  193.93  0.12     SH  04:35:1.2 -09:59:34.8              68.755  -9.992999999999999 4839  1.8  -2.87 0.14   70    14 2.57                0.2    -0.7        -0.75    <     0.2   non-RPE
J04411241-6518438       58081.2208  600  52  288.28  1.27      R 04:41:12.5 -65:18:44.4   70.30208333333333  -65.31233333333333 5008 2.36  -2.47 0.12   85    16 1.45              -0.13    0.24        -0.21         0.29   non-RPE
J04420818-3421138 11.4 58081.23993 1800  34   317.6  1.23      R  04:42:8.2 -34:21:13.9   70.53416666666666 -34.353861111111115 5005 2.12  -1.94 0.15   49    18 1.99               1.83     0.5         1.38          0.6    CEMP-s
J04520910-6209121 10.2 58080.21959  600  38  164.78  0.41     RS  04:52:9.2 -62:09:12.2   73.03833333333333  -62.15338888888889 4623 1.15  -2.78 0.12   67    17 2.15               0.49   -0.14        -0.14         0.46       r-I
J05311779-5810048 12.4 58080.23988 2400  29  129.19  0.31      R 05:31:17.8  -58:10:4.7   82.82416666666666  -58.16797222222222 5141 2.58  -2.33 0.11   65    21 1.78               0.18   -0.13        -0.11         0.65       r-I
J05381700-7516207 11.2 58081.26521 1934  22   58.73  0.34      R 05:38:17.0 -75:16:20.6   84.57083333333331  -75.27238888888888 4968 2.08  -1.83 0.13   85    20 1.91               0.04    0.46         0.23         0.53       r-I
J05383296-5904280      58081.28257  600  56  189.02  0.37      R 05:38:33.0 -59:04:28.0   84.63749999999997 -59.074444444444445 5824 2.03  -2.53 0.14   69    18 2.84           <           1.15         0.76         1.28      r-II
J05514213-3327337 11.8 58079.29115 3000  20  103.68  0.16      R 05:51:42.1 -33:27:33.8   87.92541666666665  -33.45938888888889 4718 1.62  -2.42 0.15   36    15 2.04               0.11     0.3        -0.13         0.49       r-I
J05521578-3953184 11.5 58080.26635 1600  38  104.12  0.29      R 05:52:15.8 -39:53:18.6   88.06583333333333            -39.8885 4705 1.55  -2.34 0.15   89    21  2.0               0.24    0.23        -0.04         0.41       r-I
J05564771-6639054 10.1 58081.29338  700  40  201.58  0.33      R 05:56:47.8  -66:39:5.0   89.19916666666666  -66.65138888888889 4711 1.67  -2.01 0.13   82    21 1.89              -0.12     0.1         0.08         0.45       r-I
J06014757-5951510 10.3 58080.28231  600  46  246.53  0.22      R 06:01:47.6 -59:51:51.4   90.44833333333331  -59.86427777777778 5274 3.18  -2.08 0.12   91    20 1.61               0.01    0.24        -0.12         0.26   non-RPE
J06055404-3306288 13.2 58081.32967 2501  19   157.4  0.29      R 06:05:54.0 -33:06:29.0   91.47499999999998  -33.10805555555556 5354 2.68  -1.93 0.15   65    13 2.08               1.05    1.03         1.13         0.93   non-RPE
J06090353-7122260 11.2 58078.25958 1200  27  186.94  0.74      R  06:09:3.6 -71:22:26.0              92.265  -71.37388888888889 4878 1.51  -2.73 0.11   63    13 1.94               0.38   -0.16        -0.45         0.32       r-I
J06195001-5312114 11.4 58078.27529  993  35   130.7  0.33      R 06:19:50.0 -53:12:11.7   94.95833333333333 -53.203250000000004 5212 3.04  -2.06 0.13   87    19 1.59               0.31     1.0        -0.03         0.73      r-II
J06290787-6709523 12.4 58080.30953 3600  23    67.1  0.49      R  06:29:7.9 -67:09:52.4   97.28291666666665  -67.16455555555557 4616 1.05  -2.73 0.15   63    15 2.81                0.3   -0.44        -0.17         0.46       r-I
J06320130-2026538 10.0 58080.33765  500  47  109.82  0.35      R  06:32:1.2 -20:26:52.8              98.005             -20.448 5067 2.52  -1.56 0.11  147    23 1.63              -0.03    1.44         0.15          0.7       r-I
J06332771-3519240 11.5 57822.06214 1501  46  190.97  0.15      R 06:33:27.8 -35:19:25.1   98.36583333333331 -35.323638888888894 5224 3.15  -1.84 0.14  108    22 1.33               0.03    0.12         0.02         0.45       r-I
J06401317-3540444 12.1  57821.0737 3067  52  138.18  0.12      R 06:40:13.1 -35:40:44.0  100.05458333333333 -35.678888888888885 4942 2.26  -2.38 0.14  102    18 1.21              -0.09    0.24         0.05         0.38       r-I
J06420823-5116448 11.1 58078.29254 1513  47   15.43  0.27      R  06:42:8.1 -51:16:44.0           100.53375 -51.278888888888886 4707  1.4  -2.64 0.12   83    18 1.79               0.65   -0.02        -0.43         0.05   non-RPE
J06592949-5406125 11.7 57818.01264 1800  36  311.14  0.13      R 06:59:29.4 -54:06:12.0  104.87249999999999  -54.10333333333333 4887 1.89  -1.86 0.11   87    24 1.96               0.62    0.63          0.8         0.43   non-RPE
J07052028-3343242 11.7 57818.04772 3600  70  399.39  0.09      R 07:05:20.3 -33:43:24.2  106.33458333333331  -33.72338888888889 4802 1.52  -2.37 0.13  155    20  1.8       a       0.57    0.24         0.28         0.57       r-I
J07103110-7121522 10.9 58081.33733 2000  32  247.88  0.43      R 07:10:31.2 -71:21:51.5              107.63  -71.36430555555555 5167 2.94  -1.47 0.11   80    18 1.75               0.02    0.61         0.33         1.05      r-II
J07123398-4814049 11.6  57820.0736 1800  34  353.16  0.13      R 07:12:33.9  -48:14:4.0  108.14124999999999  -48.23444444444444 4448 0.76  -3.08 0.14  100    20 2.41                0.2   -1.85         -1.2    <    -0.2   non-RPE
J07161594-5135248 10.1 57818.07437  400  35  311.33  0.08      R 07:16:15.9 -51:35:24.9  109.06624999999998 -51.590250000000005 4575 1.15  -1.86 0.15  159    29 2.06               0.13    0.21         0.28         0.46       r-I
J07202253-3358518 10.8 57818.08385  700  46   74.98  0.12      R 07:20:22.6 -33:58:52.0  110.09416666666665  -33.98111111111111 5040 2.22   -1.6 0.12  138    26 1.78               0.13    0.49         0.68         1.44      r-II
J07265723-5647500 12.3 58079.33009 3000  23   71.75  0.62      R 07:26:57.2 -56:47:50.5  111.73833333333333  -56.79736111111111 4916 1.95  -1.93 0.13   67    15  1.9               0.14    0.07          0.1         0.65       r-I
J07352232-4425010 10.7 57818.09539  800  54  177.92  0.08      R 07:35:22.4  -44:25:2.1  113.84333333333332 -44.417249999999996 5245 3.06  -1.58 0.11  141    18  1.3                0.0    0.24         0.39         0.79      r-II
J07393021-5548171      57818.10662  500  29  333.67  0.09      R 07:39:30.2 -55:48:17.2  114.87583333333332  -55.80477777777777 4426 1.39  -1.74 0.15  135    24 2.37               -0.4    0.35          0.5         0.63       r-I
J07411443-4339360 11.1 57822.08183 1200  45   475.5  0.05      R 07:41:14.5 -43:39:35.5  115.31041666666665  -43.65986111111111 4974 2.18  -1.87  0.1   69    20 1.39               0.06    0.02         0.13          0.5       r-I
J07482433-4831405 11.3 57819.06302 1500  37  314.12  0.22      R 07:48:24.3 -48:31:40.4           117.10125  -48.52788888888889 5329 1.46   -2.1  0.1   87    21  1.9               0.51    0.36         0.34         0.06   non-RPE
J07501424-4123454 11.1 57822.09901 1200  37   400.6  0.07      R 07:50:14.2 -41:23:45.1  117.55916666666666  -41.39586111111111 5021 2.21  -1.87 0.14   97    30  1.8               0.18    0.15         0.27         0.59       r-I
J08015897-5752032 10.3 57820.11631  600  31  139.75  0.06      R 08:01:59.0  -57:52:2.8  120.49583333333332 -57.867444444444445 4622 1.24  -1.72 0.11   60    27 2.11               0.17     0.2         0.15         0.55       r-I
J08032084-5856521 11.2 57822.11678 1298  37  130.62   0.1      R 08:03:20.8 -58:56:52.3  120.83666666666667  -58.94786111111111 5158 2.75  -1.73 0.14   95    22 1.57               0.03    0.24         0.26         0.49       r-I
J08134364-2332528 11.0 58079.85258 1847  44   129.9  0.26      R 08:13:43.7 -23:32:52.8  123.43208333333331 -23.548000000000002 4836 1.33  -1.72 0.15   79    32 2.03                0.1     0.1         0.28         0.32       r-I
J08155667-2204105 11.4  57820.1008 1500  48  263.58  0.06      R 08:15:56.7 -22:04:10.8           123.98625 -22.069666666666667 4877 1.95  -1.82 0.14  133    33 1.71              -0.03    0.11         0.21         0.57       r-I
J08311233-6013195 11.0  57819.0808 1000  28  441.53  0.09      R 08:31:12.4 -60:13:19.5  127.80166666666666  -60.22208333333334 5153 2.44  -1.47 0.12  103    29 1.79               0.06   -0.06        -0.39         0.14   non-RPE
J08393460-2122069 10.5 57818.11722  700  50  140.53  0.06      R 08:39:34.6  -21:22:7.6  129.89416666666665  -21.36877777777778 4779 1.66  -1.94 0.12  172    25 1.98               0.14    0.15         0.13         0.42       r-I
J08594093-1415151 11.9 57818.14538 3600  53  383.58  0.05      R 08:59:40.9 -14:15:15.1  134.92041666666663 -14.254194444444444 4876 2.04  -1.46 0.14  152    22 1.82               -0.2    0.13         0.35         0.52       r-I
J09214783-0214582 10.7 57819.09478  800  31    87.1  0.06      R 09:21:47.8 -02:14:58.4  140.44916666666666 -2.2495555555555558 4788 1.59  -1.99 0.12  101    25 1.94               0.26    0.38          0.0         0.23   non-RPE
J09255655-3450373 11.5 57894.96311 1800  16  203.06  0.39      R 09:25:56.6 -34:50:37.5  141.48583333333332           -34.84375 4619 1.55   -1.8 0.14   77    22 2.04              -0.04    0.39         0.22         0.62       r-I
J09261133-1526232 10.7 57821.10107 1000  55  386.19  0.08      R 09:26:11.3 -15:26:23.2  141.54708333333332 -15.439777777777778 5004 2.19  -1.69 0.14  112    26  1.8               0.03    0.06         0.28         0.43       r-I
J09284944-0738585 11.0 57822.15905 1000  32  129.86  0.06      R 09:28:49.5 -07:38:58.5  142.20624999999998  -7.649583333333333 4760 2.02  -1.23 0.14   92    22 1.76               0.07    0.45         0.32          0.6       r-I
J09310102-0304052 10.5 57818.18263  700  49  122.02   0.2      R  09:31:1.0  -03:04:5.0  142.75416666666666  -3.068055555555556 6026  3.8   -1.7 0.14   93    23 1.48               0.08    0.36         0.36         0.33   non-RPE
J09364069-2038386 10.5  57818.1931  600  45  273.76  0.07      R 09:36:40.7 -20:38:38.8  144.16958333333332 -20.644111111111112 4778 1.71  -1.78 0.14  158    19 1.95              -0.05    0.15         0.12         0.48       r-I
J09471921-4127042  7.9 57820.12775  800 147   79.96  0.13      R 09:47:19.2  -41:27:4.0  146.82999999999998  -41.45111111111111 4680 0.83  -2.67 0.16   85    24 2.39               0.32   -1.57        -0.89        -0.45   non-RPE
J09574607-3923072 11.1  57821.1165 1200  48  127.44  0.09      R 09:57:46.1  -39:23:7.3   149.4420833333333  -39.38536111111111 4903 1.64  -1.69 0.14   99    24 2.28               0.24    0.22         0.21         0.55       r-I
J10025125-4331098 13.2 57895.02066 4500  16  233.46  1.53     BS 10:02:51.2  -43:31:9.9  150.71333333333334 -43.519416666666665 4788 0.94  -2.87 0.14   53    19 2.64               0.49   -0.36        -0.71         0.42       r-I
J10080064-1008523 10.7 57819.12613 1800  55   145.6  0.09      R  10:08:0.6 -10:08:52.0  152.00249999999997 -10.147777777777778 4727 1.16  -1.91 0.14   75    24 2.21               0.79    0.47         1.19         0.37         s
J10082492-2314124 10.9 57818.20447  900  49  131.58  0.06      R 10:08:24.9 -23:14:12.3           152.10375           -23.23675 4898  2.1  -1.97 0.14  157    23 1.97               0.02    0.15         0.23          0.4       r-I
J10121964-3221347 11.1 57819.14706 1200  43  363.48  0.18      R 10:12:19.6 -32:21:34.0  153.08166666666665  -32.35944444444445 4595 0.88  -2.68 0.15  105    26 2.52                0.2    -0.2        -0.07         0.55       r-I
J10162157-2959521 11.7 57822.14043 1700  49  406.74  0.08      R 10:16:21.5 -29:59:52.0  154.08958333333334 -29.997777777777777 4939 2.11  -1.99 0.13   99    23 1.81               0.03    0.14        -0.06         0.22   non-RPE
J10174884-4818125 12.2 57820.14248 1200  27  198.14  0.27      R 10:17:48.8 -48:18:12.0  154.45333333333332  -48.30333333333333 5003 2.18  -1.84 0.14   81    23 1.35               0.02    0.24         0.06         0.28   non-RPE
J10191573-1924464 11.2 57821.15172 1200  36   84.28  0.05      R 10:19:15.7 -19:24:46.4  154.81541666666664 -19.412888888888887 4564 2.03  -1.11 0.17   67    20 1.96              -0.23    0.63         0.73         0.75      r-II
J10194932-4900584 11.7 57822.20572 1689  36   261.4  0.07      R 10:19:49.3 -49:00:58.3  154.95541666666665 -49.016194444444444 5013 2.09   -1.5 0.14  114    32 1.79              -0.02     0.2         0.22         0.45       r-I
J10251539-3554026 10.8  57892.9933  900  20  248.87  0.45      R 10:25:15.4  -35:54:3.6  156.31416666666664 -35.900999999999996 4888 1.52  -1.52 0.15   30    18  1.7               0.35     0.4          0.6         0.47   non-RPE
J10302845-7543299 11.5 57894.98408 1200  12  263.78  0.54      R 10:30:28.4 -75:43:29.0   157.6183333333333  -75.72472222222223 4684 0.89  -2.18 0.14   48    16 2.45               0.21   -0.07         0.08         0.53       r-I
J10344785-4823544 11.6 57819.16783 1800  46  274.43  0.13      R 10:34:47.9 -48:23:54.5  158.69958333333332 -48.398472222222225 4927 1.82  -2.08 0.13  128    29 1.74                0.2    0.18        -0.35        -0.08 limited-r
J10345348-1117221 10.9  57822.2344 1204  36  185.34  0.07      R 10:34:53.5 -11:17:22.1  158.72291666666663 -11.289472222222223 4548 1.25  -1.77 0.17   91    26 2.43              -0.07    0.05        -0.32         0.35       r-I
J10362687-3746174 11.1  57893.9578  900  12  143.95  0.99      R 10:36:26.9 -37:46:19.2  159.11208333333332             -37.772 4597 1.19  -1.73 0.16   66    24 1.92               0.06    0.22         0.32          0.6       r-I
J10401894-4106124 11.3 57821.13413 1400  51   -31.8  0.15      R 10:40:18.9 -41:06:12.8  160.07874999999999  -41.10355555555556 4958 2.17  -1.55 0.15  114    33 1.63               0.02    0.13         0.35         0.82      r-II
J10540994-1347522 12.8 57893.98725 3600  16  180.23  0.77      H  10:54:9.8 -13:47:52.8   163.5408333333333             -13.798 4710  1.2  -2.93 0.13   55    17  2.2           <          -1.14        -1.27    <     0.3   non-RPE
J10563033-3428423 12.1 57819.18831 1200  26  243.87  0.25      R 10:56:30.3 -34:28:42.0           164.12625  -34.47833333333333 4467 0.69  -2.69 0.16   61    17 2.19               0.32   -0.68        -1.28        -0.63 limited-r
J10581140-2634179 10.3 57818.21647  600  40  117.59  0.04      R 10:58:11.4 -26:34:18.1  164.54749999999999 -26.571694444444443 4520 1.18  -1.85 0.14   92    18 2.02               0.02     0.1         0.15          0.2   non-RPE
J11014865-3749526 11.0 57818.22997 1200  36  260.88  0.09      R 11:01:48.7 -37:49:52.6  165.45291666666665  -37.83127777777778 4452 0.95  -2.26 0.15   86    19 2.49               0.07     0.1        -0.12          0.5       r-I
J11142319-3208509 10.7 57819.20226  800  38  328.19  0.08      R 11:14:23.2 -32:08:50.8  168.59666666666664 -32.147444444444446 4451 0.86  -2.36 0.15   97    23 2.57              -0.01    0.05        -0.35         0.23   non-RPE
J11265122-1805295 11.2 57819.21877 1500  65   89.87   0.1      R 11:26:51.3 -18:05:29.0           171.71375 -18.091388888888886 5054 2.46  -2.59 0.12  129    21 1.84                0.0    0.12        -0.28         0.04   non-RPE
J11301705-1449325 11.7 57820.16193 1600  46  -28.21  0.18      R 11:30:17.0 -14:49:32.7   172.5708333333333           -14.82575 4947 2.11  -2.73 0.13  174    21 1.86       a       0.06     0.0         -0.1         0.55       r-I
J11325299-2913137 10.8 57819.28669  800  36   72.28  0.05      R 11:32:53.0 -29:13:13.7   173.2208333333333  -29.22047222222222 4435 1.12  -1.97 0.19   90    26 2.09              -0.21    0.18        -0.02         0.15   non-RPE
J11370170-5401298 10.8 57819.24545  800  25  111.86  0.06      R  11:37:1.7 -54:01:30.0  174.25708333333333             -54.025 4466 1.25   -1.8 0.14   70    22 2.42              -0.19    0.05          0.1         0.63       r-I
J11373800-5202251 11.8 57822.26749 1674  36  300.57  0.11      R 11:37:38.0 -52:02:24.9  174.40833333333333           -52.04025 5053 2.21  -2.21 0.14   94    23  2.0               0.14   -0.24        -0.49         0.09   non-RPE
J11404726-0833030 10.7 57821.18023  750  51  172.22   0.1      R 11:40:47.3  -08:33:3.2   175.1970833333333   -8.55088888888889 5118 2.65  -1.52 0.13  108    26 1.51               0.05    0.11         0.36         0.55       r-I
J11404944-1615396 10.7 57821.16887  800  45  174.97  0.08      R 11:40:49.4 -16:15:39.6  175.20583333333332             -16.261 4697 1.52  -1.67 0.14   84    25 2.19               0.02     0.2         0.27         0.88      r-II
J11444480-1128167       57821.1966  400  59  162.15  0.29      R 11:44:44.7 -11:28:16.0  176.18624999999997 -11.471111111111112 5289 3.08  -2.24 0.15  105    20 1.32              -0.02    0.18        -0.08    <     0.5   unknown
J11515010-0545441  8.1 57818.27185  150  38  234.22  0.17      R 11:51:50.1 -05:45:44.6  177.95874999999998  -5.762388888888889 4391 1.22  -1.74 0.14   53    18 3.46              -0.54     0.2         0.62         0.23   non-RPE
J12044314-2911051  9.2  57895.0528  300  17   25.49  0.23      M 12:04:43.2  -29:11:6.0  181.17999999999998             -29.185 4465 0.92  -2.35 0.15   73    23 2.49               0.11    0.28         0.33         0.71      r-II
J12050944-1204531 10.1 57822.24766  600  39  116.09  0.07      R  12:05:9.4 -12:04:53.2  181.28916666666666 -12.081444444444443 4358 0.85   -1.8 0.14   47    22 2.06              -0.11    0.23         0.17         0.25   non-RPE
J12062488-4741150 11.1 57895.06525 1200  14  136.99  1.24      R 12:06:24.9 -47:41:14.9           181.60375  -47.68747222222222 4584 1.03  -2.35 0.14   75    28 2.66               0.13     0.0        -0.35        -0.11   non-RPE
J12070990-3653243 10.1 57821.20523  500  38  138.72  0.05      R  12:07:9.9 -36:53:24.5           181.79125  -36.89013888888889 4604 1.51  -1.64 0.17   93    21 2.24              -0.06     0.1         -0.1          0.4       r-I
J12100070-3130359 10.7 57822.28569  956  47  335.42  0.08     RH  12:10:0.7 -31:30:36.0  182.50291666666664              -31.51 4669 1.21  -2.57 0.13   92    24 2.16               0.45   -0.07        -0.25         0.26   non-RPE
J12102259-4902190 10.3  57818.2797  600  19  247.28  0.07      R 12:10:22.6 -49:02:19.3  182.59416666666664 -49.038694444444445 4822 1.49  -1.74 0.13   66    13 1.95               0.34    0.15         0.23         0.58       r-I
J12170912-2721034 12.1 57895.08941 2400  16   301.5  0.83      H  12:17:9.1  -27:21:3.6  184.28791666666663 -27.351000000000003 4935 1.76  -2.82 0.14   73    20 2.01               0.53    0.01        -0.51         0.22   non-RPE
J12192034-1721547 12.1 57894.03746 3600  21  -75.34  0.35      R 12:19:20.3 -17:21:54.0   184.8345833333333 -17.365000000000002 4752 1.48  -2.74 0.12   75    17 1.93               0.67   -0.12        -0.52         0.11   non-RPE
J12232106-5305536 10.5 57818.29191  700  24  266.08  0.08      R 12:23:21.1 -53:05:53.4  185.83791666666664  -53.09816666666667 4676 1.07  -2.12  0.2   49    23 2.05               0.52   -0.19        -0.29        -0.04   non-RPE
J12341308-3149577 10.2 57819.32186  600  51   205.9  0.04      R 12:34:13.1 -31:49:58.4   188.5545833333333  -31.83288888888889 4772 2.05  -1.34 0.13   78    24 1.86              -0.13    0.35         0.18         0.35       r-I
J12405721-4051430 11.2 57821.23027 1200  48  247.33  0.16      R 12:40:57.2 -40:51:43.3   190.2383333333333 -40.862027777777776 5163 2.83  -1.48 0.11   76    20 1.71               0.07     0.2         0.22         0.45       r-I
J12424489-1315032 10.3  57820.2456  500  65   -7.81  0.18      R 12:42:44.8  -13:15:3.0  190.68666666666664 -13.250833333333333 5867 3.51  -1.91 0.12  106    24 1.62               0.25     0.2          0.2    <     0.5   unknown
J12535742-3801355 10.9 57818.30473 1000  46  172.82  0.13      R 12:53:57.4 -38:01:35.0  193.48916666666665  -38.02638888888889 4773 1.36  -2.37 0.14  100    27 2.01               0.55   -0.06        -0.14         0.53       r-I
J12571667-4335318 10.5 57820.25497  600  49  136.67   0.1      R 12:57:16.7 -43:35:31.6   194.3195833333333 -43.592111111111116 4845 1.93  -1.97 0.14  110    30 1.54               0.05    0.05         0.15          0.3       r-I
J12572833-5125217 11.9 57821.25217 2099  35   41.62  0.22      R 12:57:28.3 -51:25:21.7  194.36791666666664 -51.422694444444446 4699 1.49  -2.36 0.12   76    18 2.07                0.2    0.15          0.0        -0.13   non-RPE
J13085850-2712188 13.0 57820.23438 1000  16   111.1  0.21      R 13:08:58.5 -27:12:18.9  197.24374999999995           -27.20525 4487 1.05  -2.38 0.21   66    22 2.32               0.15    0.25         -0.3          0.2 limited-r
J13101305-3342369 10.9 57818.31885 1000  36   30.24  0.08      R 13:10:13.1 -33:42:36.9  197.55458333333328           -33.71025 4594 1.28  -2.01 0.14  103    17 2.12               0.01     0.4         0.08         0.53       r-I
J13214178-4320055 11.4 57821.28414 1102  38  201.63  0.09      R 13:21:41.8  -43:20:5.5  200.42416666666665  -43.33486111111112 4892 1.36  -2.17 0.13   77    17 2.87               0.26   -0.05         0.15         0.58       r-I
J13241428-1806211 11.5 57820.28893 2400  64  -44.62  0.18     RH 13:24:14.2 -18:06:21.0  201.05916666666664 -18.105833333333333 4741 1.38  -2.59 0.14  124    22 1.89               0.53   -0.06        -0.51        -0.01   non-RPE
J13315746-1929446 10.6 57822.29866  800  49   -1.29  0.04      R 13:31:57.5 -19:29:44.5  202.98958333333331 -19.495694444444446 5077 2.62  -1.15 0.14  100    30 1.52               0.11    0.29         0.44         0.51       r-I
J13330890-4654079 12.5 57821.30725 2400  32   -15.9  0.46     BS  13:33:8.9  -46:54:7.9  203.28708333333333  -46.90219444444444 4591 0.79  -3.02 0.16   73    17 2.14               0.78     0.0        -0.17         0.49       r-I
J13335283-2623539 11.1 57820.31262 1200  61   62.39   0.1      R 13:33:52.8 -26:23:53.0              203.47 -26.398055555555555 4838 1.96  -2.28 0.11   99    26 1.83       a       0.14    0.17        -0.38        -0.04 limited-r
J13421261-1417354 10.2   57820.325  500  36  159.75  0.09      R 13:42:12.6 -14:17:35.5  205.55249999999998 -14.293194444444444 4542 1.07  -1.63 0.18   97    29 2.44              -0.02    0.09        -0.24        -0.16   non-RPE
J13530579-4438041 12.2 57820.34541 2626  47  -21.43  0.35     RS  13:53:5.8  -44:38:4.0  208.27416666666664  -44.63444444444444 4576 0.84  -3.31 0.15   45    18 2.85           <          -0.29        -1.07    <     0.6   unknown
J13573542-3032486 12.5 57818.33441 1200  25  -26.83   0.2      R 13:57:35.4 -30:32:48.0  209.39749999999995 -30.546666666666667 5289 2.49  -2.12 0.16   59    11 1.85               0.31   -0.38        -0.45    <     0.4   unknown
J14030859-3214014 11.0 57820.36802 1000  40  190.88  0.09      R  14:03:8.6  -32:14:1.4  210.78583333333333  -32.23372222222223 4471 0.96  -2.53 0.18   86    21 2.77               0.02    0.27         0.11         0.56       r-I
J14032900-5250429 10.6 57895.10913  400  13  111.24  0.23      R 14:03:29.0 -52:50:42.0  210.87083333333334             -52.845 5121 2.65  -1.86 0.12   79    21 1.57              -0.04    0.15          0.1         0.38       r-I
J14091000-3013572 10.7 57819.33436  800  51   48.65  0.11      R 14:09:10.0 -30:13:57.7  212.29166666666666 -30.232694444444444 5166 2.82   -1.8 0.11  100    22 1.59              -0.04     0.3          0.3         0.24   non-RPE
J14155955-3219255 11.5 57895.12702 2069  15 -162.59   0.2     RM 14:15:59.6 -32:19:25.5   213.9983333333333 -32.323750000000004 4486  1.0  -2.58 0.18   72    18 2.81              -0.03   -0.11        -0.26         0.47       r-I
J14165685+1215598 12.9 57894.10118 4500  18  -87.15  0.82      B 14:16:56.9 +12:15:59.8  214.23708333333332   12.26661111111111 4802 1.38  -2.74 0.15   47    11 2.55               0.65   -0.31        -1.04        -0.01   non-RPE
J14180866-2842077 10.7  57818.3485  800  36  171.49  0.15      R  14:18:8.7  -28:42:7.9           214.53625 -28.702194444444444 4639 1.18   -2.5 0.13   86    19 2.35       a       0.32   -0.33        -0.13         0.55       r-I
J14254628-1546301 10.9 57820.38971  900  33   14.24  0.17      R 14:25:46.3 -15:46:30.2  216.44291666666663 -15.775055555555557 4305 0.64  -2.26 0.15   65    25  2.2               0.29   -0.15        -0.28         0.25   non-RPE
J14283907-2044594 10.6 57821.35007  600  43   51.64  0.18      R 14:28:39.1 -20:44:59.5  217.16291666666666 -20.749861111111112 4815 1.79   -1.6 0.15   85    25 1.82              -0.33    0.15         0.27         0.29   non-RPE
J14354680-1124122 10.1 57821.34193  400  37  -16.85  0.16      R 14:35:46.8 -11:24:12.3             218.945 -11.403416666666667 5079 2.68   -1.1 0.16   82    24 1.84              -0.03    0.38         0.42         0.72      r-II
J14392683-1949132 11.3 57818.38764 1400  37   84.29  0.21      R 14:39:26.8 -19:49:13.0  219.86166666666665  -19.82027777777778 5072 2.22  -2.27 0.16   63    19 1.98               1.07     0.6         0.32         0.25   non-RPE
J14435196-2106283 10.9 57819.36272 1000  38   29.81  0.06      R 14:43:52.0 -21:06:28.2  220.96666666666664 -21.107833333333335 4486 1.04  -1.93 0.19  103    25 2.49              -0.23    0.18        -0.45         -0.3 limited-r
J14533307-4428301 10.9 57819.37776 1000  45   53.89  0.25     RS 14:53:33.1 -44:28:30.1  223.38791666666663  -44.47502777777778 4701  1.0  -2.56 0.13  101    27 2.28              -0.02   -0.15        -0.78        -0.26 limited-r
J14560449-3950349 11.1 57821.38213 1200  37   -3.37  0.19      R  14:56:4.5 -39:50:34.7  224.01874999999998  -39.84297222222222 4612 1.36  -1.74 0.19   75    23 2.18              -0.08     0.2        -0.07         0.08   non-RPE
J14592981-3852558 11.1 57821.33048 1100  36  300.95  0.11      R 14:59:29.8 -38:52:56.0  224.87416666666664 -38.882222222222225 4484 0.83   -2.4 0.16   39    20 2.38              -0.16    0.23         0.13         0.93      r-II
J15023852-4602066 11.1 57821.36366 1200  45  -32.06  0.25      R 15:02:38.5  -46:02:6.6  225.66041666666663  -46.03516666666666 4806 1.66  -2.23 0.14   83    27 2.09                0.2   -0.26        -0.61        -0.16   non-RPE
J15062866-1428038 11.3 57822.32766 1201  42    3.16  0.25      R 15:06:28.6  -14:28:4.0  226.61916666666662 -14.467777777777778 5278 3.16  -2.23 0.13   85    18 1.35              -0.08    0.17        -0.01         0.65       r-I
J15141994-4359554 11.7 57895.19105 2400  11   148.5  0.97      R 15:14:19.9 -43:59:55.3  228.58291666666662 -43.998694444444446 4589 0.73  -2.43 0.15   60    15 2.55               0.43    0.11        -0.32         0.02   non-RPE
J15155734-1054220 11.0 57822.31208  993  41  145.02  0.04      R 15:15:57.4 -10:54:22.1  228.98916666666665  -10.90613888888889 4856 1.68  -1.71 0.13   88    25 2.09               0.29    0.44         0.52         0.66       r-I
J15230675-7930072 13.2 57894.17468 4500  16  125.42  0.77      B  15:23:6.7  -79:30:7.3  230.77791666666664  -79.50202777777778 4737 1.07  -2.55  0.2   47    11 1.93               0.87    0.71        -0.43         0.36   non-RPE
J15293404-3906241 11.4 57895.22589 3097  14  154.28  0.48      M 15:29:34.1 -39:06:25.2   232.3920833333333             -39.107 4492 0.66  -2.75 0.15   50    14 3.07           <          -0.36        -0.16         0.34       r-I
J15320193-2211091 12.1 57985.00459  900  22  308.61  0.97      R  15:32:1.9  -22:11:9.3  233.00791666666663 -22.185916666666667 4868 1.23  -2.37 0.13   81    16 2.15               0.22   -0.05         0.03         0.15   non-RPE
J15360493+0247300 12.7  57894.2374 4500  16  -20.03  0.23      B  15:36:4.9 +02:47:30.0  234.02041666666662  2.7916666666666665 4779 1.81  -2.42 0.15   48    14 2.47               -0.1    0.12        -0.86         0.22   non-RPE
J15573010-2939228 13.1 57893.23442 3600  16  123.03  0.84     BS 15:57:30.1 -29:39:22.7   239.3754166666666 -29.656305555555555 5562 3.59  -1.74 0.15   32     8 2.13       b   <           0.26        -0.05                unknown
J15582703-1136532 10.4 57822.34808  700  30 -248.84  0.06      R 15:58:27.0 -11:36:53.3  239.61249999999998 -11.614805555555556 4736 1.46  -1.61 0.13   47    20 1.68               0.25    0.19         0.81         0.39   non-RPE
J16064231-1632461      57822.33961  400  35  -185.3  0.09     RM 16:06:42.3 -16:32:46.1  241.67624999999998  -16.54613888888889 4444 1.13  -2.17 0.18  138    21  2.1              -0.26    0.25        -0.13         -0.2   non-RPE
J16285613-1014576 10.5 57822.36005  800  47   60.45  0.15      R 16:28:56.1 -10:14:57.7  247.23374999999993  -10.24936111111111 5078  1.8  -1.93 0.11  105    26 2.07              -0.09    0.23         0.41         0.31   non-RPE
J16524315-6719521 12.9 57893.28977 3600  18   90.67  0.71      B 16:52:43.1 -67:19:52.2   253.1795833333333  -67.33116666666666 5333  1.9  -2.58 0.17   28     9  2.3           <          -0.08    <    -1.0    <     0.7   unknown
J17013206-5507454 13.4 57985.00459 1071  13   33.07  0.59      B 17:01:32.1 -55:07:45.7  255.38374999999996  -55.12936111111111 5094  1.8   -2.1 0.15   53     8 1.91               0.63    0.04         -0.1    <     0.3   non-RPE
J17383643-5358288 11.1  57822.3875  908  30    20.2  0.18      R 17:38:36.4 -53:58:28.8  264.65166666666664  -53.97466666666667 4671 0.87  -2.23 0.14   69    26 2.42               0.04   -0.03        -0.01         0.55       r-I
J17414840-5340354 10.7 57895.26222 2400  17   20.96  0.38      R 17:41:48.4 -53:40:35.2  265.45166666666665  -53.67644444444444 4580 1.17  -2.14 0.15   88    23 2.27               0.12    0.25          0.0         0.63       r-I
J18050641-4907579 11.1 57985.00459  780  21  162.66   0.3      R  18:05:6.4 -49:07:58.0  271.27666666666664 -49.132777777777775 4430 1.03  -2.58 0.18   64    13 2.44               0.06     0.1         0.15         0.73      r-II
J18272347-5133001 10.9 57895.32768 2400  13  -73.69  0.22      R 18:27:23.5  -51:33:0.2   276.8479166666666  -51.55005555555555 4583 1.53  -1.85 0.15   80    20 2.37              -0.02    0.43         0.18         0.56       r-I
J18301354-4555101 12.1 57894.29405 3290  21   60.15  0.28      R 18:30:13.6 -45:55:10.1   277.5566666666666  -45.91947222222222 5035 1.89  -2.98 0.14   44     9 1.86               1.71   -0.77         0.09    <     0.8      CEMP
J19050116-1949280 10.2 57985.00459 1200  56   95.31  0.35      R  19:05:1.2 -19:49:28.4  286.25499999999994 -19.824555555555555 4780  1.4  -1.82 0.12   71    19 2.03               0.04    0.13         0.33          0.3   non-RPE
J19175585-5440147 10.8 57985.00459  780  38   48.08  0.54      R 19:17:55.8 -54:40:14.0  289.48249999999996  -54.67055555555555 4738 1.28  -2.75 0.12   85    19 2.05               0.75   -0.23        -0.46        -0.05   CEMP-no
J19232941-4425432 11.1 57985.00459  800  23  258.81  0.28      R 19:23:29.4 -44:25:43.5            290.8725           -44.42875 4437 1.01  -2.07 0.13   40    16 2.42               -0.2    0.05          0.0         0.38       r-I
J19345326-3236567 11.1 57985.00459  520  28  206.14  0.32      R 19:34:53.3 -32:36:57.0   293.7220833333333 -32.615833333333335 4634 1.16  -2.17 0.14   72    14  2.2               0.26    0.15         0.07         0.63       r-I
J19441170-3526278 10.4 57985.00459  500  28   59.16  0.28      R 19:44:11.7 -35:26:28.3           296.04875  -35.44119444444444 4513 0.99  -2.13 0.15   57    22 2.48               0.04    0.25         0.25          0.4       r-I
J19445483-4039459 10.6 58019.01533 1400  52   92.74   0.3      R 19:44:54.7 -40:39:46.8   296.2279166666666             -40.663 4500 1.16  -1.92 0.13   61    24 1.87               0.31    0.21         0.13         0.33       r-I
J19451414-1729269  9.2 57985.00459  450  60   46.23   0.8      R 19:45:14.1 -17:29:27.9   296.3087499999999 -17.491083333333336 4631 1.23  -2.63 0.13   82    22 2.16               0.41    0.25        -0.03         0.55       r-I
J19510180-6331111 10.5 58019.03464 1000  36  254.49  0.33      R  19:51:1.8 -63:31:11.1            297.7575           -63.51975 4721  1.6  -2.09 0.14  101    25 1.74               0.29    0.39         0.36         0.36   non-RPE
J19584974-1812109      57894.33395  300  18 -121.26  0.34      D 19:58:49.7 -18:12:10.8   299.7070833333333             -18.203 4785 1.53  -2.99  0.1   79    17 1.94               0.52   -0.92        -0.77    <     0.2   unknown
J20000364-3301351 11.3 58019.05892 2400  39  -58.36  0.15      R  20:00:3.6 -33:01:35.3             300.015 -33.026472222222225 4474 1.12  -1.89 0.14   79    27 2.06              -0.18     0.2         0.02          0.9      r-II
J20005766-2541488 10.9 58019.10853 1600  48  150.37  0.18      R 20:00:57.6 -25:41:49.1  300.23999999999995  -25.69697222222222 4731 1.69  -2.01 0.12   73    22 1.76               0.27     0.6         0.35          0.4       r-I
J20080083-2759265 10.9 57985.00459  876  32  -82.24  0.46      R  20:08:0.8 -27:59:26.6  302.00333333333333 -27.990722222222225 4481  1.0  -2.16 0.14   58    22 2.12               0.01    0.25          0.0         0.35       r-I
J20100948-4408274 12.8 57985.00459 1200  20    1.77   0.3      B  20:10:9.5 -44:08:27.5   302.5395833333333 -44.140972222222224 4698 1.02  -2.78 0.12   51    15  2.2               0.72    -0.3         -0.5         0.13   non-RPE
J20103193-3558546 11.4 58021.00083 1600  43  124.94   0.3      R 20:10:31.9 -35:58:54.7   302.6329166666667 -35.981861111111115 4931 1.04  -2.56 0.11   71    22 2.15               0.52    0.18        -0.03         0.38       r-I
J20152296-3740178 11.8 57985.00459  753  24  -19.42  0.27      R 20:15:22.9 -37:40:18.2   303.8454166666666  -37.67172222222222 4747 1.58  -2.73 0.12   70    16 2.04               0.46   -0.55         -0.3         0.13   non-RPE
J20194310-3158163 11.2 58020.01044 1600  58  -130.0   0.3      R 20:19:43.1 -31:58:16.7   304.9295833333333 -31.971305555555553 4927 2.29  -2.16 0.12  102    21 1.51              -0.01    0.31         0.16         0.46       r-I
J20233743-1659533 11.7 58020.03586 2189  51 -141.72  0.23      R 20:23:37.4 -16:59:53.5   305.9058333333333 -16.998194444444444 4635 1.43  -2.57 0.13   75    17  1.8              -0.02    0.23        -0.07          0.5       r-I
J20305648-3446521 10.9 57985.00459 1200  34  -13.82  0.22      R 20:30:56.5 -34:46:52.2  307.73541666666665 -34.781166666666664 4571 1.15  -2.47 0.13   53    17 2.25               0.16    -0.1         -0.1         0.28   non-RPE
J20411424-4654315      57894.40613 3323  17  -64.47  0.33      R 20:41:14.2 -46:54:31.5   310.3091666666666           -46.90875 4647  1.3   -2.3 0.15   85    18 2.56               0.32    0.02        -0.02         0.88      r-II
J20435776-4408037 11.4 58021.02347 1699  29   42.09  0.25      R 20:43:57.8  -44:08:2.4   310.9908333333333             -44.134 4410 0.86  -1.85 0.14   49    20 2.05              -0.01     0.2         0.15         0.78      r-II
J20453454-1431151 10.7 58020.05788 1010  56  -74.25  0.21      R 20:45:34.5 -14:31:15.3  311.39374999999995 -14.520916666666668 4582 1.01  -2.81 0.13   81    21 2.02               0.51    0.13        -0.12         0.31       r-I
J20504869-3355289 11.1 58022.01645 1300  47 -153.72  0.22      R 20:50:48.7 -33:55:28.9   312.7029166666666  -33.92469444444444 4549 1.09  -2.63 0.14   73    21 2.33               0.38    0.24        -0.06         0.62       r-I
J20554594-3155159 10.8 57985.00459  508  31 -151.07  0.19      R 20:55:45.9 -31:55:16.0  313.94124999999997 -31.921111111111113 4581 0.94  -2.67 0.13   61    17 2.26                0.3    0.02        -0.05         0.67       r-I
J21003824-0539171 10.8 58021.04304 1000  35 -113.59  0.37      R 21:00:38.2 -05:39:17.2  315.15916666666664  -5.654777777777778 4872 1.13  -2.27 0.11   68    17 2.03                0.5     0.2        -0.13         0.38       r-I
J21055865-4919336 10.9 58020.07484 1102  37  207.72  0.19      R 21:05:58.7 -49:19:33.7  316.49458333333325  -49.32602777777778 4633  1.3  -2.27 0.14   75    21  2.3               0.13   -0.05         0.12         0.67       r-I
J21080151-6555366      58020.09119 1098  29   81.27  0.27      R  21:08:1.4 -65:55:37.2  317.00583333333327             -65.927 4428 1.07   -2.4 0.14   53    20 2.76               0.49    0.21        -0.25         0.18   non-RPE
J21103411-6331354 10.8 58022.03397 1013  46 -122.35  0.23      R 21:10:34.2 -63:31:36.3            317.6425           -63.52675 5066 2.75  -2.07 0.12   93    20 1.44              -0.14     0.2        -0.08          0.1   non-RPE
J21314253-1459110 12.1 57985.00459 1109  24   11.39   0.3      R 21:31:42.5 -14:59:11.2  322.92708333333326 -14.986444444444444 4927 1.93  -1.97 0.12   71    16 1.83                0.1   -0.38         -0.2        -0.05   non-RPE
J21402305-1227035 11.0 58019.13698 1400  39  -127.5  0.23      H 21:40:23.0  -12:27:3.6   325.0958333333333 -12.450999999999999 4621  1.3  -3.09 0.15   85    16 1.86               0.62    1.59        -0.26    <     0.0 limited-r
J21462219-0512324 10.7 58022.04924  900  40 -310.46  0.25      L 21:46:22.2 -05:12:32.4   326.5924999999999 -5.2090000000000005 4723 1.19  -1.69 0.13   63    18 1.97               0.08    0.21         0.33         0.45       r-I
J22115488-2847382 10.4 57985.00459  813  40 -128.54  0.63      R 22:11:54.9 -28:47:38.3           332.97875 -28.793972222222223 4710 1.78  -2.62 0.12   78    15 2.03              -0.11    0.05         0.06         0.28   non-RPE
J22125424-0235414 12.2 57985.00459  900  25  -103.4   0.4      R 22:12:54.3 -02:35:42.0  333.22624999999994              -2.595 5187 2.99  -2.09 0.11   82    19 1.58              -0.15   -0.27         0.21         0.34       r-I
J22161170-5319492 10.9 57985.00459  714  38    88.9  1.71      R 22:16:11.7 -53:19:49.4           334.04875  -53.33038888888889 5112 1.53  -2.51 0.12   79    19  2.5               0.31     0.2         0.31         0.59       r-I
J22190836-2333467 10.9 58020.10816 1100  55   -41.7  0.23      R  22:19:8.3 -23:33:46.8   334.7845833333333 -23.563000000000002 4743 1.46  -2.54 0.14   84    22 1.95               0.39    0.27         0.24         0.87      r-II
J22223324-1314488 10.8 57985.00459  600  29   26.96  0.25      R 22:22:33.2 -13:14:49.0  335.63833333333326 -13.246944444444443 4613 1.09  -2.46 0.13   66    19 2.44              -0.05     0.0        -0.47        -0.04   non-RPE
J22233596-5301145 10.0 57985.00459 1003  40  146.88  0.26      R 22:23:36.0 -53:01:14.8               335.9 -53.020777777777774 4692  1.4  -2.41 0.12   81    22 2.25               1.15   -0.35        -0.28         0.23   non-RPE
J22371623-1608005 10.6 58019.15677 1181  61   -0.74  0.34      R 22:37:16.3  -16:08:1.4  339.31791666666663  -16.13372222222222 6175 3.86   -2.1 0.13   78    16 1.96               0.35     0.0         0.15    <     1.0   unknown
J22372037-4741375 12.4 57985.00459 1109  21 -138.25  0.26     RH 22:37:20.4 -47:41:37.5             339.335 -47.693749999999994 4499 1.07  -2.97 0.19   46    18 2.12               0.54     0.0          0.1         0.84      r-II
J22373316-4341181 11.0 58020.12455 1100  52  -11.16  0.23      R 22:37:33.1 -43:41:18.5   339.3879166666666  -43.68847222222222 4707 1.73  -2.47 0.13   77    20  1.7               0.06    0.14        -0.06          0.4       r-I
J22585069-3923437 12.9 57985.00459  800  19   -55.6   0.4      B 22:58:50.7 -39:23:43.7   344.7112499999999 -39.395472222222224 4901 1.61  -2.45 0.12   68    21 1.91               0.53   -0.18        -0.18         0.02   non-RPE
J23060975-6107368 11.0 58074.02543 1200  34   54.28  0.33     RH  23:06:9.8 -61:07:36.8   346.5408333333333  -61.12688888888889 4669 1.33  -2.28 0.15   80    22 2.03               0.25    0.09        -0.14         0.31       r-I
J23181358-6252270 11.1 58074.05629 1200  33   188.7   0.4      R 23:18:13.5 -62:52:27.1           349.55625  -62.87419444444444 4554 1.03   -2.4  0.1   69    18 1.89               0.48    0.23        -0.04         0.16   non-RPE
J23242766-2728055 10.6 58019.18943 1200  52 -133.11  0.26      R 23:24:27.6  -27:28:4.8   351.1149999999999             -27.468 4743 1.59   -2.4 0.11   83    20 1.96               0.49    0.27         0.32         0.55       r-I
J23254164-2356206 10.1 58074.06961  500  38   -74.6  0.23     RM 23:25:41.6 -23:56:20.9  351.42333333333335 -23.939138888888888 4647 1.28  -1.88 0.14   84    25 2.15                0.1    0.06         0.19         0.42       r-I
J23285061-0432368 11.5 58074.08497 1504  31  -34.94  0.34      H 23:28:50.6 -04:32:34.8  352.21083333333326              -4.543 4792  1.6  -1.95 0.14   75    24 1.84               0.41    -0.1          0.0         0.53       r-I
J23330336-4437127 10.0 57985.00459 1200  74   94.53  0.29     RH  23:33:3.4 -44:37:13.1  353.26416666666665 -44.620305555555554 4716 1.08   -2.6 0.11   85    23 2.32               0.18   -0.08        -0.26         0.16   non-RPE
J23342332-2748003 12.6 58078.03508 3600  28  -50.35  0.35      R 23:34:23.3  -27:48:0.3   353.5970833333333 -27.800083333333333 4617 1.05  -2.35 0.14   59    16 2.14               0.47    0.39        -0.06         0.71      r-II
J23425814-4327352 11.4 58081.02092 1600  46   48.53  0.22      R 23:42:58.1 -43:27:35.2   355.7420833333333  -43.45977777777778 4867 1.99  -2.16 0.11   83    24 1.67              -0.18    0.19        -0.01         0.36       r-I
J23434113-6019223 12.9 58079.02857 3170  22  208.99  2.13     SH 23:43:41.1 -60:19:22.6  355.92124999999993 -60.322944444444445 4660 1.47  -3.05 0.11   32     6 2.54           <          -1.89        -1.34    <     0.5   unknown
J23475942-5701184 11.7 58081.04474 2000  35   40.74  0.31      R 23:47:59.4 -57:01:18.6            356.9975  -57.02183333333333 4668 0.88  -2.33 0.13   67    26 2.45               0.21   -0.08        -0.07         0.45       r-I
J23490902-2447176 12.1    58080.03 2700  44 -164.58  0.22      R  23:49:9.1 -24:47:17.4  357.28791666666666  -24.78816666666667 5248 2.73  -2.18  0.1   75    19 1.81               0.18   -0.03        -0.16         0.65       r-I
J23552837+0421179  9.9 57985.00459 1000  55  -217.7  0.41      L 23:55:28.4 +04:21:18.0  358.86833333333334  4.3549999999999995 4528 0.97  -2.51 0.15   92    21 2.26                0.3    0.07        -0.33         0.06   non-RPE
