#Z=0.000386 Y=0.230772 OS=0.20 l/Hp=1.743201 [Fe/H]=   -2.000 [Alpha/Fe]= 0.40
  M/Msun     logT  logL/Ls   logg    Mv     U-B    B-V    V-R    V-I    V-J    V-H    V-K    V-L    V-M    num(x=-1)  num(x=1.35)   num(x=3)
#age(Gyr)=12.000 140 points
 0.4000000  3.5843 -1.5471  4.8763  9.611  0.838  1.348  0.883  1.721  2.531  3.085  3.297  3.477  4.293  1.1240E+01  4.1497E+01  9.1501E+01
 0.4112399  3.5930 -1.4958  4.8715  9.383  0.805  1.299  0.842  1.646  2.401  2.934  3.142  3.331  4.118  2.2488E+01  7.9096E+01  1.6859E+02
 0.4224884  3.6016 -1.4445  4.8666  9.163  0.767  1.252  0.799  1.567  2.286  2.797  3.002  3.197  3.954  2.2521E+01  7.4341E+01  1.5155E+02
 0.4337609  3.6103 -1.3930  4.8611  8.959  0.721  1.209  0.751  1.481  2.203  2.696  2.895  3.087  3.817  2.2485E+01  6.9776E+01  1.3620E+02
 0.4449737  3.6189 -1.3418  4.8555  8.765  0.669  1.170  0.704  1.395  2.132  2.613  2.805  2.989  3.696  2.2373E+01  6.5384E+01  1.2236E+02
 0.4561335  3.6275 -1.2908  4.8498  8.579  0.615  1.132  0.658  1.311  2.069  2.540  2.725  2.899  3.583  2.2290E+01  6.1457E+01  1.1040E+02
 0.4672640  3.6361 -1.2400  4.8437  8.406  0.571  1.100  0.626  1.246  2.014  2.484  2.663  2.832  3.504  2.2220E+01  5.7889E+01  9.9939E+01
 0.4783537  3.6446 -1.1894  4.8374  8.236  0.528  1.069  0.596  1.185  1.959  2.430  2.602  2.768  3.428  2.2132E+01  5.4566E+01  9.0625E+01
 0.4893957  3.6531 -1.1389  4.8309  8.068  0.482  1.036  0.567  1.127  1.901  2.372  2.538  2.700  3.349  2.2701E+01  5.3004E+01  8.4730E+01
 0.5010544  3.6616 -1.0882  4.8242  7.896  0.430  0.998  0.538  1.067  1.835  2.305  2.463  2.618  3.255  2.3874E+01  5.2749E+01  8.1115E+01
 0.5132698  3.6699 -1.0376  4.8175  7.719  0.370  0.954  0.506  1.005  1.759  2.224  2.376  2.521  3.143  2.4645E+01  5.1476E+01  7.6096E+01
 0.5256990  3.6782 -0.9868  4.8102  7.552  0.298  0.909  0.483  0.961  1.686  2.144  2.287  2.423  3.029  2.4809E+01  4.9001E+01  6.9647E+01
 0.5380793  3.6864 -0.9362  4.8026  7.390  0.223  0.863  0.462  0.922  1.614  2.065  2.200  2.327  2.917  2.4437E+01  4.5710E+01  6.2533E+01
 0.5501365  3.6946 -0.8860  4.7946  7.242  0.138  0.816  0.448  0.899  1.554  1.996  2.124  2.244  2.819  2.3992E+01  4.2589E+01  5.6162E+01
 0.5620709  3.7027 -0.8360  4.7862  7.098  0.058  0.770  0.435  0.878  1.498  1.933  2.054  2.167  2.729  2.3723E+01  4.0041E+01  5.0964E+01
 0.5738590  3.7106 -0.7857  4.7768  6.965 -0.011  0.725  0.425  0.861  1.456  1.890  2.003  2.110  2.664  2.3484E+01  3.7749E+01  4.6427E+01
 0.5855554  3.7185 -0.7354  4.7667  6.833 -0.074  0.682  0.416  0.845  1.417  1.847  1.953  2.055  2.600  2.3608E+01  3.6179E+01  4.3030E+01
 0.5974672  3.7261 -0.6838  4.7545  6.696 -0.124  0.644  0.406  0.827  1.374  1.797  1.897  1.993  2.524  2.6197E+01  3.8211E+01  4.3897E+01
 0.6117524  3.7332 -0.6266  4.7361  6.545 -0.164  0.610  0.396  0.809  1.331  1.741  1.836  1.926  2.440  2.9655E+01  4.0973E+01  4.5314E+01
 0.6271221  3.7400 -0.5660  4.7132  6.385 -0.197  0.580  0.385  0.790  1.291  1.686  1.774  1.861  2.354  3.0460E+01  3.9753E+01  4.2240E+01
 0.6422124  3.7465 -0.5045  4.6879  6.223 -0.227  0.553  0.373  0.768  1.250  1.633  1.714  1.796  2.269  2.9798E+01  3.6778E+01  3.7577E+01
 0.6569204  3.7528 -0.4425  4.6609  6.060 -0.255  0.527  0.360  0.743  1.211  1.581  1.655  1.732  2.184  2.8848E+01  3.3765E+01  3.3236E+01
 0.6710603  3.7589 -0.3803  4.6326  5.897 -0.273  0.504  0.346  0.718  1.175  1.535  1.602  1.674  2.107  2.7921E+01  3.1079E+01  2.9530E+01
 0.6848417  3.7648 -0.3171  4.6017  5.734 -0.281  0.485  0.334  0.694  1.146  1.498  1.561  1.628  2.048  2.7266E+01  2.8931E+01  2.6582E+01
 0.6983263  3.7704 -0.2533  4.5689  5.568 -0.283  0.469  0.323  0.672  1.123  1.468  1.529  1.591  2.000  2.7460E+01  2.7814E+01  2.4734E+01
 0.7123016  3.7758 -0.1888  4.5346  5.402 -0.282  0.456  0.312  0.651  1.099  1.438  1.497  1.555  1.954  2.7543E+01  2.6648E+01  2.2947E+01
 0.7258695  3.7810 -0.1245  4.4994  5.234 -0.279  0.443  0.302  0.631  1.071  1.402  1.458  1.512  1.899  2.6343E+01  2.4389E+01  2.0362E+01
 0.7386450  3.7860 -0.0595  4.4618  5.061 -0.274  0.433  0.294  0.612  1.038  1.360  1.413  1.463  1.836  2.4734E+01  2.1979E+01  1.7829E+01
 0.7506037  3.7907  0.0059  4.4221  4.887 -0.265  0.423  0.286  0.594  1.004  1.314  1.365  1.411  1.770  2.2948E+01  1.9639E+01  1.5515E+01
 0.7615931  3.7951  0.0716  4.3806  4.712 -0.256  0.413  0.278  0.577  0.970  1.268  1.316  1.358  1.704  2.1178E+01  1.7512E+01  1.3505E+01
 0.7717813  3.7992  0.1384  4.3357  4.537 -0.248  0.404  0.270  0.562  0.939  1.228  1.273  1.313  1.644  1.9658E+01  1.5755E+01  1.1886E+01
 0.7812516  3.8028  0.2064  4.2876  4.359 -0.241  0.396  0.263  0.548  0.912  1.192  1.235  1.271  1.591  1.8367E+01  1.4303E+01  1.0574E+01
 0.7901488  3.8058  0.2758  4.2351  4.179 -0.233  0.389  0.257  0.535  0.889  1.160  1.202  1.235  1.545  1.7322E+01  1.3133E+01  9.5295E+00
 0.7985740  3.8075  0.3483  4.1738  3.993 -0.226  0.384  0.254  0.529  0.876  1.141  1.182  1.215  1.518  1.6002E+01  1.1837E+01  8.4411E+00
 0.8061505  3.8073  0.4215  4.1042  3.807 -0.220  0.383  0.253  0.527  0.876  1.140  1.181  1.215  1.518  1.3820E+01  1.0002E+01  7.0241E+00
 0.8123943  3.8047  0.4877  4.0306  3.644 -0.218  0.388  0.258  0.536  0.894  1.164  1.207  1.243  1.554  9.9044E+00  7.0455E+00  4.8882E+00
 0.8160549  3.7994  0.5362  3.9629  3.532 -0.221  0.398  0.267  0.556  0.931  1.215  1.262  1.301  1.629  5.8225E+00  4.0950E+00  2.8185E+00
 0.8182167  3.7931  0.5704  3.9049  3.457 -0.225  0.410  0.279  0.579  0.975  1.275  1.324  1.369  1.716  3.6091E+00  2.5212E+00  1.7270E+00
 0.8196640  3.7867  0.5965  3.8540  3.405 -0.232  0.422  0.290  0.602  1.021  1.336  1.389  1.438  1.805  2.6185E+00  1.8210E+00  1.2435E+00
 0.8208352  3.7804  0.6194  3.8062  3.361 -0.238  0.435  0.301  0.627  1.065  1.392  1.450  1.505  1.889  2.1240E+00  1.4721E+00  1.0029E+00
 0.8217881  3.7740  0.6396  3.7613  3.322 -0.241  0.449  0.314  0.651  1.102  1.441  1.502  1.561  1.961  1.7993E+00  1.2435E+00  8.4548E-01
 0.8226345  3.7678  0.6587  3.7176  3.283 -0.242  0.464  0.326  0.675  1.132  1.481  1.544  1.606  2.021  1.6222E+00  1.1184E+00  7.5910E-01
 0.8234102  3.7617  0.6782  3.6742  3.242 -0.240  0.480  0.337  0.699  1.159  1.517  1.583  1.650  2.076  1.4989E+00  1.0311E+00  6.9875E-01
 0.8241333  3.7558  0.6991  3.6300  3.198 -0.233  0.498  0.349  0.723  1.189  1.558  1.626  1.696  2.138  1.4404E+00  9.8879E-01  6.6909E-01
 0.8248506  3.7502  0.7250  3.5823  3.140 -0.219  0.517  0.361  0.745  1.222  1.602  1.675  1.750  2.209  1.4261E+00  9.7698E-01  6.6015E-01
 0.8255594  3.7452  0.7569  3.5304  3.069 -0.201  0.536  0.371  0.765  1.256  1.646  1.725  1.803  2.280  1.4357E+00  9.8153E-01  6.6228E-01
 0.8262863  3.7408  0.7968  3.4735  2.976 -0.183  0.553  0.380  0.781  1.285  1.685  1.768  1.849  2.341  1.4319E+00  9.7694E-01  6.5824E-01
 0.8269913  3.7374  0.8443  3.4127  2.862 -0.169  0.567  0.386  0.792  1.307  1.715  1.801  1.884  2.387  1.3733E+00  9.3511E-01  6.2917E-01
 0.8276595  3.7347  0.8955  3.3511  2.738 -0.156  0.579  0.390  0.799  1.324  1.738  1.826  1.911  2.423  1.2873E+00  8.7488E-01  5.8786E-01
 0.8282785  3.7326  0.9486  3.2899  2.608 -0.146  0.588  0.393  0.805  1.337  1.756  1.846  1.932  2.450  1.1838E+00  8.0314E-01  5.3900E-01
 0.8288433  3.7308  1.0020  3.2297  2.477 -0.136  0.597  0.395  0.809  1.349  1.770  1.861  1.949  2.471  1.0771E+00  7.2958E-01  4.8908E-01
 0.8293556  3.7292  1.0544  3.1709  2.347 -0.127  0.604  0.398  0.813  1.359  1.785  1.876  1.964  2.491  9.7658E-01  6.6054E-01  4.4235E-01
 0.8298199  3.7276  1.1061  3.1133  2.220 -0.119  0.611  0.400  0.816  1.368  1.797  1.889  1.978  2.510  8.9525E-01  6.0473E-01  4.0459E-01
 0.8302509  3.7262  1.1568  3.0570  2.095 -0.110  0.618  0.402  0.820  1.377  1.809  1.902  1.992  2.527  8.2891E-01  5.5924E-01  3.7384E-01
 0.8306488  3.7247  1.2065  3.0018  1.973 -0.103  0.624  0.404  0.824  1.386  1.822  1.914  2.005  2.545  7.5625E-01  5.0964E-01  3.4042E-01
 0.8310071  3.7233  1.2554  2.9475  1.853 -0.095  0.630  0.406  0.828  1.394  1.833  1.927  2.018  2.561  6.7767E-01  4.5622E-01  3.0452E-01
 0.8313265  3.7219  1.3031  2.8941  1.736 -0.087  0.635  0.409  0.832  1.404  1.845  1.939  2.031  2.578  6.0418E-01  4.0638E-01  2.7108E-01
 0.8316113  3.7204  1.3498  2.8417  1.622 -0.079  0.642  0.411  0.837  1.413  1.858  1.953  2.044  2.595  5.4149E-01  3.6392E-01  2.4261E-01
 0.8318680  3.7189  1.3955  2.7901  1.511 -0.071  0.647  0.415  0.842  1.422  1.870  1.966  2.057  2.612  4.8840E-01  3.2800E-01  2.1856E-01
 0.8320997  3.7175  1.4407  2.7396  1.401 -0.064  0.652  0.418  0.848  1.430  1.881  1.979  2.069  2.628  4.3985E-01  2.9520E-01  1.9661E-01
 0.8323078  3.7161  1.4848  2.6899  1.295 -0.057  0.657  0.421  0.854  1.439  1.894  1.992  2.082  2.644  3.9494E-01  2.6490E-01  1.7636E-01
 0.8324946  3.7147  1.5280  2.6410  1.190 -0.050  0.662  0.425  0.861  1.449  1.906  2.005  2.094  2.660  3.5452E-01  2.3766E-01  1.5817E-01
 0.8326623  3.7133  1.5705  2.5931  1.088 -0.043  0.667  0.428  0.867  1.458  1.919  2.018  2.106  2.676  3.1811E-01  2.1315E-01  1.4181E-01
 0.8328127  3.7118  1.6120  2.5458  0.989 -0.036  0.672  0.433  0.874  1.467  1.931  2.032  2.118  2.692  2.8331E-01  1.8976E-01  1.2621E-01
 0.8329456  3.7102  1.6520  2.4995  0.894 -0.028  0.677  0.437  0.883  1.477  1.946  2.047  2.132  2.710  2.5383E-01  1.6995E-01  1.1300E-01
 0.8330666  3.7087  1.6915  2.4538  0.800 -0.021  0.682  0.441  0.892  1.487  1.958  2.061  2.144  2.727  2.3082E-01  1.5449E-01  1.0269E-01
 0.8331765  3.7071  1.7301  2.4091  0.708 -0.014  0.688  0.446  0.900  1.496  1.972  2.075  2.158  2.745  2.1248E-01  1.4217E-01  9.4485E-02
 0.8332790  3.7058  1.7686  2.3652  0.616 -0.006  0.693  0.450  0.907  1.505  1.983  2.088  2.170  2.760  2.0096E-01  1.3442E-01  8.9320E-02
 0.8333774  3.7044  1.8063  2.3220  0.526  0.001  0.698  0.454  0.914  1.513  1.995  2.100  2.181  2.774  1.9428E-01  1.2992E-01  8.6309E-02
 0.8334733  3.7030  1.8432  2.2796  0.438  0.009  0.704  0.458  0.922  1.522  2.007  2.112  2.192  2.789  1.8060E-01  1.2074E-01  8.0194E-02
 0.8335580  3.7015  1.8792  2.2379  0.352  0.017  0.710  0.462  0.929  1.530  2.019  2.124  2.204  2.804  1.6430E-01  1.0982E-01  7.2928E-02
 0.8336376  3.7001  1.9144  2.1969  0.267  0.026  0.716  0.466  0.935  1.539  2.031  2.136  2.216  2.819  1.5234E-01  1.0180E-01  6.7594E-02
 0.8337104  3.6987  1.9492  2.1566  0.184  0.036  0.722  0.469  0.942  1.547  2.041  2.148  2.227  2.833  1.3457E-01  8.9905E-02  5.9688E-02
 0.8337722  3.6973  1.9832  2.1171  0.102  0.046  0.729  0.473  0.947  1.555  2.052  2.160  2.238  2.847  1.1983E-01  8.0042E-02  5.3133E-02
 0.8338302  3.6959  2.0163  2.0782  0.023  0.056  0.736  0.476  0.953  1.563  2.062  2.171  2.250  2.861  1.1455E-01  7.6501E-02  5.0776E-02
 0.8338867  3.6944  2.0487  2.0401 -0.055  0.067  0.745  0.479  0.958  1.571  2.072  2.182  2.261  2.875  1.1334E-01  7.5682E-02  5.0227E-02
 0.8339435  3.6930  2.0805  2.0026 -0.131  0.079  0.753  0.482  0.964  1.579  2.082  2.193  2.273  2.888  1.2812E-01  8.5538E-02  5.6762E-02
 0.8340149  3.6916  2.1117  1.9657 -0.207  0.091  0.762  0.486  0.969  1.586  2.092  2.203  2.284  2.901  1.3904E-01  9.2808E-02  6.1578E-02
 0.8340826  3.6902  2.1425  1.9295 -0.281  0.104  0.771  0.489  0.974  1.593  2.101  2.213  2.294  2.913  1.2834E-01  8.5654E-02  5.6824E-02
 0.8341432  3.6888  2.1727  1.8938 -0.354  0.117  0.780  0.492  0.979  1.600  2.111  2.223  2.305  2.925  1.1022E-01  7.3549E-02  4.8787E-02
 0.8341928  3.6875  2.2023  1.8588 -0.425  0.130  0.789  0.495  0.984  1.607  2.120  2.233  2.316  2.937  8.8339E-02  5.8938E-02  3.9092E-02
 0.8342315  3.6861  2.2312  1.8245 -0.494  0.144  0.799  0.498  0.989  1.614  2.129  2.243  2.327  2.949  7.0979E-02  4.7351E-02  3.1404E-02
 0.8342638  3.6847  2.2595  1.7907 -0.562  0.158  0.809  0.501  0.994  1.622  2.138  2.254  2.338  2.962  6.1067E-02  4.0734E-02  2.7014E-02
 0.8342926  3.6834  2.2873  1.7574 -0.628  0.173  0.818  0.504  0.999  1.629  2.147  2.264  2.349  2.974  5.5652E-02  3.7119E-02  2.4615E-02
 0.8343194  3.6820  2.3146  1.7247 -0.693  0.188  0.828  0.507  1.004  1.637  2.157  2.274  2.361  2.987  5.2631E-02  3.5102E-02  2.3276E-02
 0.8343452  3.6807  2.3414  1.6926 -0.757  0.203  0.838  0.510  1.009  1.645  2.167  2.285  2.372  3.000  5.0320E-02  3.3558E-02  2.2251E-02
 0.8343697  3.6794  2.3677  1.6610 -0.819  0.218  0.848  0.513  1.015  1.653  2.177  2.296  2.384  3.013  4.7606E-02  3.1746E-02  2.1048E-02
 0.8343929  3.6780  2.3935  1.6300 -0.879  0.233  0.858  0.517  1.021  1.661  2.188  2.307  2.396  3.027  4.3330E-02  2.8893E-02  1.9156E-02
 0.8344131  3.6767  2.4189  1.5995 -0.938  0.248  0.868  0.520  1.027  1.670  2.199  2.319  2.408  3.041  3.9207E-02  2.6142E-02  1.7331E-02
 0.8344321  3.6755  2.4439  1.5694 -0.997  0.262  0.877  0.523  1.033  1.679  2.211  2.331  2.421  3.054  3.6792E-02  2.4531E-02  1.6263E-02
 0.8344499  3.6742  2.4686  1.5398 -1.054  0.277  0.887  0.527  1.039  1.688  2.222  2.344  2.434  3.068  3.4912E-02  2.3276E-02  1.5430E-02
 0.8344670  3.6730  2.4927  1.5107 -1.109  0.292  0.896  0.530  1.045  1.698  2.234  2.356  2.447  3.083  3.3398E-02  2.2265E-02  1.4760E-02
 0.8344833  3.6718  2.5164  1.4821 -1.163  0.307  0.906  0.534  1.052  1.708  2.247  2.369  2.460  3.097  3.1283E-02  2.0854E-02  1.3824E-02
 0.8344983  3.6705  2.5395  1.4540 -1.215  0.323  0.916  0.538  1.058  1.718  2.259  2.382  2.474  3.112  2.9749E-02  1.9831E-02  1.3145E-02
 0.8345130  3.6693  2.5622  1.4263 -1.266  0.339  0.926  0.542  1.064  1.728  2.272  2.395  2.488  3.127  2.7665E-02  1.8441E-02  1.2224E-02
 0.8345259  3.6681  2.5844  1.3991 -1.315  0.356  0.936  0.546  1.071  1.740  2.286  2.409  2.503  3.143  2.5401E-02  1.6931E-02  1.1222E-02
 0.8345384  3.6668  2.6063  1.3724 -1.364  0.372  0.947  0.550  1.078  1.751  2.299  2.423  2.517  3.159  2.4339E-02  1.6222E-02  1.0752E-02
 0.8345503  3.6656  2.6278  1.3461 -1.411  0.389  0.957  0.554  1.086  1.762  2.313  2.438  2.532  3.175  2.3327E-02  1.5548E-02  1.0305E-02
 0.8345617  3.6644  2.6490  1.3202 -1.458  0.406  0.967  0.558  1.092  1.773  2.327  2.452  2.547  3.191  2.2762E-02  1.5170E-02  1.0055E-02
 0.8345730  3.6633  2.6698  1.2947 -1.504  0.423  0.977  0.562  1.099  1.784  2.341  2.466  2.562  3.206  2.1031E-02  1.4017E-02  9.2898E-03
 0.8345828  3.6621  2.6902  1.2696 -1.548  0.440  0.988  0.566  1.107  1.796  2.355  2.481  2.578  3.223  1.9240E-02  1.2823E-02  8.4983E-03
 0.8345923  3.6609  2.7101  1.2449 -1.590  0.457  0.998  0.570  1.114  1.808  2.370  2.496  2.594  3.239  1.8697E-02  1.2461E-02  8.2581E-03
 0.8346015  3.6597  2.7298  1.2206 -1.632  0.475  1.009  0.574  1.122  1.820  2.384  2.511  2.609  3.255  1.8209E-02  1.2135E-02  8.0420E-03
 0.8346105  3.6586  2.7491  1.1967 -1.674  0.491  1.019  0.579  1.130  1.831  2.398  2.526  2.625  3.271  1.7953E-02  1.1964E-02  7.9287E-03
 0.8346194  3.6575  2.7682  1.1731 -1.714  0.508  1.030  0.583  1.137  1.842  2.412  2.540  2.640  3.288  1.6684E-02  1.1118E-02  7.3678E-03
 0.8346272  3.6563  2.7869  1.1499 -1.753  0.525  1.040  0.588  1.145  1.854  2.426  2.555  2.656  3.305  1.5075E-02  1.0046E-02  6.6572E-03
 0.8346345  3.6552  2.8052  1.1271 -1.792  0.541  1.050  0.592  1.153  1.866  2.441  2.570  2.672  3.321  1.4522E-02  9.6769E-03  6.4127E-03
 0.8346417  3.6541  2.8232  1.1046 -1.829  0.557  1.061  0.597  1.161  1.878  2.455  2.585  2.688  3.338  1.4260E-02  9.5018E-03  6.2966E-03
 0.8346487  3.6530  2.8410  1.0825 -1.865  0.573  1.071  0.602  1.170  1.890  2.469  2.601  2.704  3.355  1.4107E-02  9.4001E-03  6.2291E-03
 0.8346558  3.6519  2.8585  1.0607 -1.901  0.589  1.081  0.607  1.179  1.902  2.484  2.615  2.719  3.372  1.3854E-02  9.2313E-03  6.1172E-03
 0.8346626  3.6509  2.8757  1.0392 -1.936  0.604  1.091  0.612  1.187  1.914  2.498  2.630  2.734  3.388  1.2540E-02  8.3555E-03  5.5367E-03
 0.8346683  3.6498  2.8926  1.0181 -1.970  0.620  1.102  0.618  1.197  1.926  2.512  2.646  2.751  3.406  1.1422E-02  7.6103E-03  5.0428E-03
 0.8346740  3.6487  2.9092  0.9972 -2.003  0.636  1.112  0.624  1.206  1.938  2.526  2.661  2.767  3.423  1.1348E-02  7.5608E-03  5.0100E-03
 0.8346797  3.6477  2.9255  0.9767 -2.036  0.652  1.122  0.630  1.216  1.950  2.540  2.676  2.783  3.440  1.0906E-02  7.2666E-03  4.8150E-03
 0.8346849  3.6467  2.9416  0.9565 -2.067  0.668  1.132  0.636  1.226  1.962  2.555  2.691  2.799  3.458  1.0471E-02  6.9766E-03  4.6228E-03
 0.8346901  3.6456  2.9575  0.9365 -2.098  0.684  1.142  0.642  1.236  1.974  2.569  2.707  2.815  3.475  1.0290E-02  6.8554E-03  4.5425E-03
 0.8346952  3.6446  2.9731  0.9169 -2.128  0.699  1.153  0.648  1.246  1.986  2.583  2.722  2.831  3.492  9.9428E-03  6.6242E-03  4.3892E-03
 0.8347001  3.6436  2.9884  0.8975 -2.157  0.715  1.163  0.654  1.257  1.999  2.598  2.738  2.847  3.510  9.6576E-03  6.4342E-03  4.2633E-03
 0.8347049  3.6426  3.0035  0.8785 -2.185  0.731  1.173  0.661  1.268  2.011  2.612  2.754  2.864  3.527  9.5218E-03  6.3436E-03  4.2032E-03
 0.8347096  3.6417  3.0184  0.8597 -2.213  0.747  1.184  0.667  1.278  2.023  2.627  2.769  2.880  3.545  9.0172E-03  6.0073E-03  3.9804E-03
 0.8347139  3.6407  3.0330  0.8411 -2.240  0.762  1.194  0.673  1.289  2.036  2.641  2.785  2.896  3.562  8.1525E-03  5.4312E-03  3.5986E-03
 0.8347178  3.6397  3.0475  0.8228 -2.266  0.777  1.204  0.680  1.300  2.048  2.656  2.801  2.913  3.580  7.7285E-03  5.1487E-03  3.4114E-03
 0.8347216  3.6388  3.0617  0.8048 -2.292  0.793  1.214  0.686  1.311  2.060  2.670  2.816  2.929  3.597  7.6868E-03  5.1208E-03  3.3929E-03
 0.8347254  3.6378  3.0757  0.7870 -2.317  0.807  1.224  0.693  1.322  2.073  2.684  2.832  2.945  3.615  7.4026E-03  4.9314E-03  3.2674E-03
 0.8347290  3.6369  3.0896  0.7695 -2.342  0.823  1.233  0.699  1.332  2.085  2.699  2.847  2.961  3.633  7.1171E-03  4.7412E-03  3.1413E-03
 0.8347326  3.6360  3.1033  0.7522 -2.367  0.838  1.243  0.705  1.342  2.097  2.713  2.863  2.977  3.650  7.0223E-03  4.6780E-03  3.0994E-03
 0.8347360  3.6351  3.1168  0.7351 -2.391  0.852  1.252  0.711  1.352  2.109  2.727  2.878  2.992  3.667  7.1060E-03  4.7337E-03  3.1363E-03
 0.8347397  3.6342  3.1301  0.7182 -2.415  0.867  1.261  0.717  1.363  2.121  2.741  2.893  3.008  3.684  7.3868E-03  4.9207E-03  3.2602E-03
 0.8347434  3.6334  3.1433  0.7016 -2.438  0.881  1.271  0.722  1.373  2.134  2.756  2.909  3.024  3.701  7.4887E-03  4.9886E-03  3.3051E-03
 0.8347472  3.6325  3.1563  0.6852 -2.461  0.894  1.280  0.728  1.382  2.146  2.770  2.924  3.040  3.718  7.3911E-03  4.9235E-03  3.2620E-03
 0.8347508  3.6317  3.1691  0.6690 -2.483  0.908  1.289  0.733  1.392  2.157  2.784  2.939  3.055  3.734  7.6063E-03  5.0668E-03  3.3569E-03
 0.8347548  3.6308  3.1817  0.6530 -2.505  0.921  1.298  0.739  1.401  2.169  2.798  2.954  3.071  3.751  7.9832E-03  5.3178E-03  3.5232E-03
 0.8347588  3.6300  3.1942  0.6372 -2.527  0.935  1.307  0.744  1.410  2.182  2.812  2.969  3.087  3.768  8.0440E-03  5.3582E-03  3.5499E-03
 0.8347628  3.6292  3.2065  0.6216 -2.548  0.948  1.316  0.748  1.419  2.194  2.827  2.984  3.102  3.784  7.9406E-03  5.2893E-03  3.5043E-03
 0.8347668  3.6284  3.2187  0.6063 -2.570  0.961  1.324  0.753  1.428  2.206  2.840  2.998  3.117  3.800  8.8564E-03  5.8993E-03  3.9083E-03
 0.8347717  3.6276  3.2307  0.5911 -2.591  0.974  1.333  0.758  1.436  2.218  2.854  3.013  3.132  3.816  1.2083E-02  8.0486E-03  5.3322E-03
 0.8347788  3.6268  3.2427  0.5760 -2.611  0.986  1.341  0.762  1.445  2.230  2.868  3.027  3.147  3.832  1.4253E-02  9.4939E-03  6.2896E-03
 0.8347859  3.6261  3.2546  0.5612 -2.632  0.998  1.349  0.766  1.453  2.241  2.882  3.042  3.162  3.848  1.4075E-02  9.3748E-03  6.2107E-03
 0.8347929  3.6253  3.2663  0.5465 -2.652  1.010  1.357  0.771  1.461  2.253  2.896  3.056  3.176  3.864  1.3900E-02  9.2579E-03  6.1331E-03
 0.8347998  3.6246  3.2778  0.5320 -2.672  1.022  1.364  0.775  1.469  2.264  2.910  3.070  3.190  3.879  6.9064E-03  4.5999E-03  3.0473E-03
