  M/Msun     logT  logL/Ls   logg    Mv     U-B    B-V    V-R    V-I    V-J    V-H    V-K    V-L    V-M    num(x=-1)  num(x=1.35)   num(x=3)
 0.4000000  3.6019 -1.5025  4.9022  9.210  0.618  1.179  0.748  1.490  2.179  2.662  2.865  3.061  3.805  1.1580E+01  4.2731E+01  9.4188E+01
 0.4115796  3.6105 -1.4513  4.8976  9.037  0.589  1.160  0.712  1.425  2.127  2.594  2.795  2.988  3.709  2.3137E+01  8.1223E+01  1.7290E+02
 0.4231367  3.6191 -1.4002  4.8929  8.867  0.557  1.140  0.677  1.361  2.080  2.533  2.731  2.922  3.622  2.3070E+01  7.5887E+01  1.5432E+02
 0.4346495  3.6277 -1.3491  4.8879  8.703  0.520  1.120  0.645  1.299  2.041  2.486  2.681  2.868  3.553  2.2980E+01  7.0970E+01  1.3807E+02
 0.4461170  3.6362 -1.2982  4.8824  8.538  0.477  1.093  0.616  1.240  1.997  2.436  2.627  2.812  3.484  2.2889E+01  6.6491E+01  1.2391E+02
 0.4575385  3.6448 -1.2473  4.8767  8.371  0.430  1.064  0.588  1.183  1.948  2.384  2.570  2.754  3.414  2.2794E+01  6.2394E+01  1.1152E+02
 0.4689107  3.6533 -1.1965  4.8705  8.202  0.380  1.027  0.561  1.126  1.889  2.323  2.503  2.684  3.333  2.2681E+01  5.8605E+01  1.0059E+02
 0.4802196  3.6617 -1.1460  4.8642  8.033  0.328  0.987  0.534  1.069  1.825  2.259  2.432  2.607  3.245  2.2502E+01  5.4979E+01  9.0732E+01
 0.4914129  3.6702 -1.0959  4.8579  7.864  0.268  0.941  0.506  1.012  1.752  2.186  2.350  2.513  3.139  2.3774E+01  5.4927E+01  8.7156E+01
 0.5039937  3.6784 -1.0437  4.8496  7.696  0.201  0.894  0.482  0.967  1.681  2.112  2.267  2.419  3.031  2.6015E+01  5.6676E+01  8.6302E+01
 0.5174277  3.6865 -0.9905  4.8404  7.529  0.129  0.845  0.462  0.930  1.611  2.038  2.183  2.326  2.923  2.7214E+01  5.5768E+01  8.1347E+01
 0.5312073  3.6945 -0.9364  4.8296  7.375  0.057  0.798  0.449  0.906  1.554  1.978  2.115  2.248  2.831  2.7464E+01  5.2936E+01  7.3964E+01
 0.5448915  3.7024 -0.8825  4.8183  7.225 -0.013  0.751  0.437  0.884  1.502  1.924  2.052  2.176  2.747  2.7218E+01  4.9421E+01  6.6215E+01
 0.5584256  3.7102 -0.8279  4.8055  7.084 -0.076  0.705  0.427  0.868  1.463  1.887  2.007  2.123  2.686  2.6815E+01  4.5964E+01  5.9144E+01
 0.5717062  3.7179 -0.7736  4.7920  6.943 -0.130  0.663  0.417  0.852  1.423  1.846  1.958  2.066  2.620  2.6294E+01  4.2649E+01  5.2790E+01
 0.5847196  3.7254 -0.7194  4.7780  6.802 -0.174  0.625  0.408  0.834  1.383  1.802  1.907  2.008  2.548  2.6001E+01  3.9991E+01  4.7685E+01
 0.5977069  3.7329 -0.6644  4.7622  6.657 -0.210  0.591  0.397  0.815  1.341  1.749  1.847  1.943  2.465  2.8300E+01  4.1242E+01  4.7352E+01
 0.6130195  3.7397 -0.6033  4.7393  6.495 -0.238  0.563  0.386  0.795  1.299  1.695  1.787  1.877  2.378  3.1464E+01  4.3273E+01  4.7704E+01
 0.6291711  3.7460 -0.5391  4.7120  6.326 -0.266  0.537  0.373  0.773  1.258  1.642  1.726  1.811  2.291  3.1503E+01  4.0821E+01  4.3157E+01
 0.6445230  3.7524 -0.4757  4.6843  6.159 -0.290  0.513  0.360  0.747  1.218  1.589  1.665  1.744  2.202  3.0181E+01  3.6943E+01  3.7526E+01
 0.6593524  3.7585 -0.4119  4.6549  5.992 -0.305  0.492  0.346  0.721  1.181  1.543  1.611  1.686  2.124  2.9007E+01  3.3661E+01  3.2933E+01
 0.6735303  3.7645 -0.3481  4.6243  5.826 -0.311  0.476  0.334  0.697  1.152  1.506  1.571  1.640  2.064  2.7846E+01  3.0732E+01  2.9027E+01
 0.6871980  3.7702 -0.2838  4.5917  5.660 -0.311  0.461  0.323  0.674  1.128  1.476  1.538  1.603  2.016  2.6671E+01  2.8081E+01  2.5660E+01
 0.7002008  3.7758 -0.2197  4.5582  5.494 -0.309  0.449  0.313  0.652  1.105  1.446  1.506  1.566  1.969  2.6419E+01  2.6593E+01  2.3545E+01
 0.7136174  3.7814 -0.1566  4.5255  5.328 -0.304  0.436  0.302  0.631  1.075  1.408  1.465  1.520  1.910  2.6322E+01  2.5359E+01  2.1771E+01
 0.7265228  3.7868 -0.0945  4.4930  5.161 -0.296  0.425  0.292  0.611  1.038  1.360  1.413  1.464  1.838  2.4804E+01  2.2919E+01  1.9109E+01
 0.7384214  3.7921 -0.0322  4.4590  4.992 -0.285  0.415  0.283  0.591  0.998  1.307  1.358  1.403  1.762  2.3010E+01  2.0461E+01  1.6605E+01
 0.7495323  3.7972  0.0307  4.4227  4.824 -0.275  0.405  0.274  0.572  0.960  1.258  1.304  1.346  1.688  2.1303E+01  1.8291E+01  1.4483E+01
 0.7597240  3.8020  0.0933  4.3853  4.658 -0.267  0.395  0.265  0.554  0.925  1.209  1.253  1.290  1.617  1.9576E+01  1.6282E+01  1.2607E+01
 0.7691086  3.8066  0.1569  4.3454  4.489 -0.259  0.385  0.256  0.536  0.891  1.163  1.204  1.238  1.548  1.8058E+01  1.4591E+01  1.1071E+01
 0.7777822  3.8108  0.2214  4.3025  4.319 -0.250  0.376  0.248  0.520  0.860  1.120  1.159  1.190  1.486  1.6739E+01  1.3172E+01  9.8100E+00
 0.7858475  3.8144  0.2876  4.2555  4.145 -0.239  0.368  0.242  0.507  0.833  1.082  1.120  1.148  1.431  1.5558E+01  1.1949E+01  8.7485E+00
 0.7933397  3.8176  0.3552  4.2045  3.968 -0.228  0.361  0.236  0.496  0.809  1.048  1.085  1.111  1.384  1.4605E+01  1.0968E+01  7.9052E+00
 0.8004530  3.8194  0.4259  4.1451  3.785 -0.217  0.356  0.232  0.489  0.794  1.026  1.063  1.088  1.355  1.3541E+01  9.9603E+00  7.0748E+00
 0.8068811  3.8192  0.4981  4.0753  3.603 -0.210  0.356  0.232  0.488  0.794  1.026  1.064  1.090  1.356  1.1444E+01  8.2648E+00  5.7955E+00
 0.8118966  3.8158  0.5614  4.0012  3.448 -0.211  0.361  0.237  0.497  0.817  1.057  1.096  1.124  1.402  7.6870E+00  5.4751E+00  3.8020E+00
 0.8145682  3.8098  0.6049  3.9353  3.349 -0.219  0.371  0.247  0.516  0.858  1.115  1.157  1.189  1.485  4.1064E+00  2.8999E+00  2.0017E+00
 0.8160030  3.8033  0.6348  3.8801  3.286 -0.226  0.383  0.258  0.539  0.905  1.180  1.225  1.263  1.579  2.4469E+00  1.7198E+00  1.1832E+00
 0.8170151  3.7969  0.6583  3.8314  3.239 -0.232  0.395  0.270  0.564  0.953  1.244  1.293  1.336  1.674  1.8220E+00  1.2767E+00  8.7646E-01
 0.8178250  3.7906  0.6787  3.7862  3.201 -0.238  0.408  0.281  0.588  0.998  1.305  1.358  1.405  1.763  1.4899E+00  1.0415E+00  7.1379E-01
 0.8185049  3.7843  0.6967  3.7435  3.170 -0.248  0.419  0.293  0.612  1.042  1.363  1.419  1.471  1.847  1.2912E+00  9.0078E-01  6.1648E-01
 0.8191161  3.7782  0.7138  3.7022  3.140 -0.258  0.431  0.304  0.635  1.082  1.415  1.475  1.532  1.925  1.1929E+00  8.3072E-01  5.6782E-01
 0.8196978  3.7721  0.7306  3.6613  3.108 -0.262  0.444  0.315  0.658  1.116  1.460  1.522  1.583  1.991  1.1428E+00  7.9456E-01  5.4247E-01
 0.8202590  3.7662  0.7479  3.6206  3.073 -0.264  0.458  0.327  0.682  1.143  1.496  1.560  1.625  2.045  1.0957E+00  7.6058E-01  5.1869E-01
 0.8207935  3.7604  0.7664  3.5792  3.034 -0.261  0.472  0.339  0.705  1.168  1.530  1.596  1.664  2.098  1.0658E+00  7.3869E-01  5.0322E-01
 0.8213248  3.7548  0.7879  3.5359  2.987 -0.255  0.488  0.350  0.727  1.196  1.567  1.636  1.708  2.155  1.0708E+00  7.4102E-01  5.0426E-01
 0.8218643  3.7497  0.8141  3.4894  2.930 -0.245  0.505  0.361  0.748  1.227  1.610  1.683  1.759  2.223  1.0984E+00  7.5891E-01  5.1587E-01
 0.8224232  3.7451  0.8468  3.4387  2.856 -0.229  0.521  0.370  0.767  1.259  1.653  1.732  1.811  2.292  1.1290E+00  7.7882E-01  5.2881E-01
 0.8229934  3.7411  0.8857  3.3840  2.766 -0.213  0.536  0.378  0.783  1.287  1.690  1.774  1.856  2.352  1.1483E+00  7.9084E-01  5.3636E-01
 0.8235715  3.7380  0.9318  3.3257  2.655 -0.199  0.548  0.384  0.793  1.309  1.718  1.805  1.889  2.396  1.1292E+00  7.7645E-01  5.2600E-01
 0.8241226  3.7355  0.9811  3.2667  2.535 -0.189  0.558  0.387  0.800  1.324  1.739  1.827  1.913  2.428  1.0575E+00  7.2602E-01  4.9130E-01
 0.8246290  3.7334  1.0310  3.2090  2.413 -0.180  0.567  0.390  0.804  1.337  1.755  1.845  1.932  2.453  9.6852E-01  6.6395E-01  4.4884E-01
 0.8250911  3.7317  1.0806  3.1526  2.291 -0.172  0.574  0.393  0.808  1.348  1.769  1.860  1.948  2.474  8.8619E-01  6.0670E-01  4.0976E-01
 0.8255152  3.7301  1.1296  3.0975  2.170 -0.163  0.581  0.395  0.812  1.357  1.782  1.873  1.964  2.493  8.4109E-01  5.7512E-01  3.8810E-01
 0.8259322  3.7287  1.1778  3.0438  2.051 -0.156  0.587  0.397  0.815  1.366  1.794  1.886  1.978  2.512  7.9859E-01  5.4542E-01  3.6775E-01
 0.8263138  3.7272  1.2250  2.9909  1.935 -0.148  0.594  0.399  0.818  1.375  1.806  1.899  1.991  2.530  7.2744E-01  4.9629E-01  3.3437E-01
 0.8266596  3.7257  1.2710  2.9390  1.822 -0.140  0.600  0.401  0.822  1.385  1.819  1.912  2.005  2.548  6.6208E-01  4.5126E-01  3.0382E-01
 0.8269759  3.7243  1.3165  2.8881  1.710 -0.133  0.605  0.403  0.826  1.393  1.830  1.924  2.018  2.565  5.9972E-01  4.0838E-01  2.7478E-01
 0.8272594  3.7229  1.3611  2.8381  1.600 -0.126  0.611  0.405  0.830  1.401  1.841  1.937  2.030  2.581  5.4175E-01  3.6861E-01  2.4788E-01
 0.8275176  3.7216  1.4051  2.7891  1.493 -0.119  0.616  0.408  0.833  1.409  1.852  1.948  2.042  2.595  4.9003E-01  3.3318E-01  2.2394E-01
 0.8277494  3.7203  1.4481  2.7410  1.387 -0.112  0.621  0.410  0.838  1.417  1.863  1.959  2.053  2.610  4.3748E-01  2.9725E-01  1.9970E-01
 0.8279551  3.7191  1.4905  2.6937  1.284 -0.106  0.625  0.412  0.842  1.425  1.873  1.970  2.063  2.625  3.8797E-01  2.6345E-01  1.7692E-01
 0.8281374  3.7177  1.5316  2.6472  1.184 -0.099  0.630  0.416  0.848  1.434  1.885  1.983  2.076  2.642  3.4784E-01  2.3608E-01  1.5848E-01
 0.8283030  3.7163  1.5718  2.6015  1.087 -0.094  0.634  0.419  0.854  1.442  1.897  1.996  2.088  2.658  3.1519E-01  2.1382E-01  1.4349E-01
 0.8284526  3.7150  1.6114  2.5566  0.992 -0.087  0.638  0.422  0.861  1.451  1.909  2.009  2.099  2.673  2.8423E-01  1.9274E-01  1.2930E-01
 0.8285872  3.7136  1.6502  2.5125  0.899 -0.082  0.642  0.426  0.868  1.459  1.921  2.021  2.111  2.689  2.6037E-01  1.7649E-01  1.1837E-01
 0.8287129  3.7123  1.6884  2.4693  0.807 -0.076  0.646  0.429  0.875  1.467  1.932  2.033  2.122  2.704  2.4163E-01  1.6373E-01  1.0978E-01
 0.8288288  3.7112  1.7262  2.4269  0.716 -0.071  0.649  0.433  0.881  1.475  1.942  2.044  2.132  2.717  2.2451E-01  1.5208E-01  1.0195E-01
 0.8289374  3.7100  1.7631  2.3852  0.628 -0.065  0.653  0.437  0.888  1.483  1.953  2.055  2.142  2.731  2.0904E-01  1.4155E-01  9.4872E-02
 0.8290379  3.7088  1.7993  2.3442  0.541 -0.060  0.657  0.440  0.895  1.491  1.964  2.067  2.152  2.745  1.9131E-01  1.2951E-01  8.6784E-02
 0.8291287  3.7075  1.8346  2.3039  0.457 -0.054  0.661  0.444  0.902  1.499  1.975  2.078  2.162  2.760  1.7325E-01  1.1726E-01  7.8558E-02
 0.8292111  3.7062  1.8689  2.2644  0.376 -0.048  0.665  0.449  0.909  1.507  1.986  2.091  2.174  2.775  1.5838E-01  1.0717E-01  7.1787E-02
 0.8292871  3.7048  1.9025  2.2254  0.296 -0.041  0.670  0.453  0.916  1.516  1.998  2.103  2.185  2.790  1.4615E-01  9.8872E-02  6.6219E-02
 0.8293573  3.7036  1.9357  2.1872  0.216 -0.035  0.674  0.456  0.923  1.523  2.008  2.114  2.195  2.803  1.3699E-01  9.2655E-02  6.2047E-02
 0.8294241  3.7023  1.9683  2.1497  0.138 -0.028  0.679  0.460  0.929  1.531  2.018  2.124  2.205  2.816  1.3099E-01  8.8579E-02  5.9310E-02
 0.8294883  3.7011  2.0004  2.1128  0.061 -0.021  0.683  0.463  0.935  1.538  2.027  2.135  2.215  2.829  1.2628E-01  8.5382E-02  5.7161E-02
 0.8295504  3.7000  2.0321  2.0766 -0.015 -0.014  0.688  0.466  0.940  1.545  2.036  2.144  2.225  2.841  1.2244E-01  8.2765E-02  5.5403E-02
 0.8296107  3.6989  2.0635  2.0411 -0.091 -0.006  0.693  0.469  0.945  1.551  2.045  2.153  2.233  2.852  1.1455E-01  7.7422E-02  5.1820E-02
 0.8296650  3.6978  2.0941  2.0060 -0.166  0.001  0.698  0.472  0.950  1.557  2.053  2.162  2.242  2.863  1.0210E-01  6.8997E-02  4.6176E-02
 0.8297128  3.6967  2.1241  1.9717 -0.238  0.009  0.704  0.474  0.954  1.563  2.061  2.170  2.250  2.874  8.9120E-02  6.0216E-02  4.0296E-02
 0.8297541  3.6956  2.1535  1.9379 -0.310  0.018  0.710  0.477  0.959  1.569  2.068  2.179  2.259  2.885  8.0148E-02  5.4148E-02  3.6232E-02
 0.8297929  3.6945  2.1823  1.9047 -0.380  0.027  0.716  0.480  0.963  1.576  2.075  2.187  2.267  2.896  7.5035E-02  5.0688E-02  3.3914E-02
 0.8298291  3.6934  2.2104  1.8720 -0.447  0.036  0.723  0.482  0.967  1.581  2.083  2.195  2.276  2.906  7.2574E-02  4.9020E-02  3.2796E-02
 0.8298655  3.6922  2.2379  1.8399 -0.514  0.046  0.730  0.485  0.972  1.587  2.091  2.204  2.285  2.917  7.4288E-02  5.0173E-02  3.3564E-02
 0.8299034  3.6911  2.2649  1.8083 -0.580  0.056  0.738  0.487  0.976  1.593  2.098  2.212  2.293  2.928  7.6783E-02  5.1853E-02  3.4686E-02
 0.8299423  3.6900  2.2916  1.7772 -0.644  0.066  0.745  0.489  0.980  1.599  2.106  2.219  2.302  2.939  8.0832E-02  5.4581E-02  3.6508E-02
 0.8299842  3.6889  2.3180  1.7467 -0.709  0.076  0.752  0.492  0.984  1.604  2.112  2.227  2.310  2.948  7.9802E-02  5.3879E-02  3.6035E-02
 0.8300221  3.6879  2.3439  1.7168 -0.771  0.086  0.759  0.494  0.988  1.610  2.119  2.234  2.318  2.958  6.3458E-02  4.2840E-02  2.8650E-02
 0.8300477  3.6868  2.3689  1.6872 -0.831  0.097  0.767  0.497  0.992  1.616  2.127  2.243  2.327  2.969  4.9343E-02  3.3308E-02  2.2275E-02
 0.8300714  3.6857  2.3935  1.6582 -0.890  0.108  0.775  0.500  0.997  1.622  2.135  2.251  2.335  2.980  4.4056E-02  2.9737E-02  1.9886E-02
 0.8300917  3.6847  2.4182  1.6296 -0.949  0.118  0.782  0.502  1.001  1.627  2.141  2.259  2.343  2.990  4.0866E-02  2.7582E-02  1.8444E-02
 0.8301123  3.6837  2.4424  1.6015 -1.008  0.129  0.789  0.505  1.005  1.633  2.148  2.267  2.352  2.999  3.8210E-02  2.5789E-02  1.7244E-02
 0.8301300  3.6828  2.4662  1.5739 -1.065  0.140  0.796  0.507  1.009  1.639  2.156  2.274  2.360  3.009  3.4564E-02  2.3327E-02  1.5597E-02
 0.8301469  3.6818  2.4896  1.5467 -1.121  0.150  0.804  0.510  1.013  1.645  2.163  2.282  2.369  3.019  3.2798E-02  2.2134E-02  1.4799E-02
 0.8301628  3.6809  2.5126  1.5200 -1.176  0.161  0.811  0.513  1.017  1.651  2.171  2.290  2.377  3.028  3.1164E-02  2.1030E-02  1.4060E-02
 0.8301780  3.6799  2.5352  1.4936 -1.230  0.172  0.819  0.515  1.022  1.657  2.178  2.298  2.386  3.038  2.9867E-02  2.0154E-02  1.3474E-02
 0.8301926  3.6790  2.5575  1.4677 -1.283  0.183  0.826  0.518  1.026  1.664  2.186  2.306  2.394  3.049  2.7545E-02  1.8586E-02  1.2426E-02
 0.8302056  3.6781  2.5793  1.4422 -1.334  0.194  0.834  0.520  1.030  1.670  2.194  2.315  2.403  3.059  2.5688E-02  1.7332E-02  1.1587E-02
 0.8302183  3.6772  2.6009  1.4171 -1.385  0.205  0.841  0.522  1.034  1.677  2.202  2.324  2.412  3.069  2.4736E-02  1.6689E-02  1.1157E-02
 0.8302303  3.6763  2.6219  1.3924 -1.434  0.216  0.849  0.525  1.039  1.684  2.211  2.333  2.422  3.080  2.3457E-02  1.5826E-02  1.0580E-02
 0.8302418  3.6753  2.6425  1.3680 -1.482  0.228  0.856  0.528  1.044  1.692  2.220  2.342  2.432  3.091  2.2402E-02  1.5114E-02  1.0103E-02
 0.8302527  3.6744  2.6627  1.3441 -1.529  0.239  0.864  0.531  1.049  1.699  2.229  2.352  2.442  3.102  2.1234E-02  1.4326E-02  9.5761E-03
 0.8302630  3.6735  2.6824  1.3205 -1.574  0.251  0.872  0.534  1.054  1.707  2.239  2.362  2.453  3.114  2.0358E-02  1.3734E-02  9.1806E-03
 0.8302731  3.6725  2.7019  1.2974 -1.619  0.262  0.880  0.537  1.059  1.715  2.248  2.372  2.463  3.126  1.9814E-02  1.3367E-02  8.9347E-03
 0.8302828  3.6716  2.7211  1.2745 -1.663  0.273  0.888  0.540  1.064  1.723  2.258  2.382  2.474  3.138  1.8393E-02  1.2408E-02  8.2936E-03
 0.8302915  3.6707  2.7401  1.2520 -1.706  0.285  0.896  0.543  1.070  1.731  2.267  2.392  2.484  3.150  1.7125E-02  1.1552E-02  7.7216E-03
 0.8302999  3.6699  2.7588  1.2299 -1.749  0.296  0.903  0.546  1.075  1.739  2.277  2.402  2.494  3.162  1.6607E-02  1.1202E-02  7.4875E-03
 0.8303081  3.6690  2.7772  1.2081 -1.790  0.308  0.911  0.549  1.080  1.747  2.286  2.412  2.505  3.173  1.6116E-02  1.0871E-02  7.2659E-03
 0.8303161  3.6681  2.7952  1.1866 -1.830  0.320  0.919  0.552  1.086  1.755  2.296  2.422  2.516  3.185  1.5866E-02  1.0702E-02  7.1529E-03
 0.8303239  3.6673  2.8129  1.1654 -1.870  0.331  0.927  0.555  1.091  1.763  2.306  2.432  2.527  3.197  1.5168E-02  1.0231E-02  6.8379E-03
 0.8303312  3.6664  2.8304  1.1445 -1.909  0.343  0.935  0.558  1.097  1.772  2.316  2.443  2.537  3.209  1.3704E-02  9.2433E-03  6.1778E-03
 0.8303376  3.6656  2.8477  1.1240 -1.948  0.355  0.943  0.562  1.103  1.780  2.326  2.453  2.548  3.221  1.2770E-02  8.6133E-03  5.7567E-03
 0.8303440  3.6648  2.8646  1.1037 -1.986  0.366  0.951  0.566  1.108  1.789  2.335  2.464  2.559  3.233  1.2551E-02  8.4653E-03  5.6577E-03
 0.8303502  3.6640  2.8814  1.0837 -2.023  0.378  0.959  0.569  1.114  1.797  2.345  2.474  2.570  3.245  1.2392E-02  8.3579E-03  5.5859E-03
 0.8303564  3.6632  2.8980  1.0641 -2.059  0.390  0.967  0.573  1.121  1.805  2.355  2.484  2.580  3.257  1.2349E-02  8.3287E-03  5.5663E-03
 0.8303625  3.6624  2.9143  1.0446 -2.095  0.401  0.975  0.576  1.127  1.813  2.365  2.494  2.590  3.268  1.2093E-02  8.1556E-03  5.4505E-03
 0.8303685  3.6617  2.9304  1.0255 -2.130  0.412  0.982  0.579  1.133  1.821  2.374  2.504  2.601  3.280  1.1044E-02  7.4482E-03  4.9777E-03
 0.8303736  3.6609  2.9462  1.0067 -2.164  0.424  0.991  0.583  1.139  1.830  2.384  2.514  2.612  3.292  1.0157E-02  6.8497E-03  4.5777E-03
 0.8303786  3.6602  2.9618  0.9881 -2.198  0.435  0.999  0.587  1.145  1.838  2.394  2.525  2.623  3.304  9.9923E-03  6.7388E-03  4.5035E-03
 0.8303836  3.6594  2.9771  0.9697 -2.231  0.447  1.006  0.590  1.151  1.846  2.404  2.535  2.633  3.315  9.4773E-03  6.3914E-03  4.2713E-03
 0.8303881  3.6587  2.9921  0.9517 -2.263  0.458  1.015  0.594  1.157  1.855  2.414  2.546  2.644  3.328  8.9088E-03  6.0080E-03  4.0150E-03
 0.8303925  3.6579  3.0069  0.9339 -2.294  0.470  1.023  0.598  1.164  1.864  2.424  2.556  2.655  3.340  8.8157E-03  5.9451E-03  3.9730E-03
 0.8303969  3.6572  3.0215  0.9163 -2.326  0.481  1.030  0.602  1.170  1.872  2.434  2.567  2.666  3.352  8.7367E-03  5.8918E-03  3.9373E-03
 0.8304012  3.6564  3.0359  0.8990 -2.356  0.492  1.038  0.605  1.177  1.881  2.443  2.577  2.677  3.364  8.5378E-03  5.7575E-03  3.8476E-03
 0.8304055  3.6557  3.0502  0.8819 -2.386  0.503  1.046  0.609  1.183  1.889  2.453  2.588  2.688  3.376  8.4557E-03  5.7021E-03  3.8105E-03
 0.8304097  3.6550  3.0643  0.8651 -2.415  0.514  1.054  0.613  1.190  1.898  2.463  2.598  2.698  3.387  8.3874E-03  5.6560E-03  3.7796E-03
 0.8304139  3.6544  3.0782  0.8484 -2.444  0.525  1.062  0.616  1.196  1.906  2.472  2.608  2.709  3.399  8.8248E-03  5.9509E-03  3.9767E-03
 0.8304185  3.6537  3.0919  0.8320 -2.473  0.535  1.069  0.620  1.203  1.914  2.482  2.618  2.719  3.410  9.8946E-03  6.6722E-03  4.4587E-03
 0.8304237  3.6530  3.1054  0.8158 -2.501  0.546  1.077  0.624  1.209  1.923  2.491  2.629  2.730  3.422  1.0405E-02  7.0162E-03  4.6885E-03
 0.8304289  3.6523  3.1187  0.7999 -2.529  0.557  1.084  0.628  1.216  1.931  2.501  2.639  2.741  3.433  1.0269E-02  6.9242E-03  4.6270E-03
 0.8304340  3.6517  3.1318  0.7841 -2.556  0.568  1.091  0.632  1.223  1.939  2.511  2.649  2.751  3.444  1.0771E-02  7.2626E-03  4.8531E-03
 0.8304397  3.6510  3.1448  0.7685 -2.583  0.578  1.099  0.636  1.229  1.948  2.520  2.659  2.761  3.456  1.1767E-02  7.9346E-03  5.3020E-03
 0.8304458  3.6504  3.1577  0.7532 -2.609  0.588  1.106  0.639  1.235  1.956  2.530  2.669  2.772  3.467  1.2115E-02  8.1687E-03  5.4584E-03
 0.8304518  3.6498  3.1703  0.7380 -2.635  0.598  1.113  0.643  1.241  1.964  2.539  2.679  2.782  3.478  1.1958E-02  8.0630E-03  5.3877E-03
 0.8304577  3.6492  3.1829  0.7230 -2.661  0.608  1.120  0.646  1.247  1.972  2.548  2.689  2.792  3.489  1.2088E-02  8.1505E-03  5.4461E-03
 0.8304639  3.6486  3.1952  0.7083 -2.686  0.618  1.127  0.650  1.254  1.980  2.558  2.699  2.802  3.500  1.2466E-02  8.4052E-03  5.6162E-03
 0.8304702  3.6480  3.2075  0.6937 -2.711  0.628  1.135  0.654  1.260  1.988  2.567  2.708  2.812  3.511  1.2557E-02  8.4665E-03  5.6571E-03
 0.8304764  3.6474  3.2195  0.6793 -2.736  0.637  1.142  0.657  1.267  1.996  2.576  2.718  2.821  3.521  1.2399E-02  8.3598E-03  5.5858E-03
 0.8304826  3.6468  3.2315  0.6651 -2.760  0.647  1.149  0.661  1.273  2.004  2.585  2.727  2.831  3.532  1.2244E-02  8.2550E-03  5.5157E-03
 0.8304887  3.6462  3.2432  0.6510 -2.784  0.657  1.156  0.665  1.279  2.011  2.594  2.736  2.841  3.542  6.0836E-03  4.1015E-03  2.7404E-03
