   Z  El     A     pct             N                 logN
---- --- ----- ------- ------------- --------------------
 1.0   H   1.0 99.9981 25900000000.0   10.413299764081252
 1.0   H   2.0 0.00194      503000.0    5.701567985055927
 2.0  He   3.0  0.0166     1030000.0    6.012837224705172
 2.0  He   4.0 99.9834  2510000000.0    9.399673721481038
 3.0  Li   6.0   7.589           4.2   0.6232492903979004
 3.0  Li   7.0  92.411          51.4   1.7109631189952756
 4.0  Be   9.0   100.0         0.612 -0.21324857785443882
 5.0   B  10.0   19.82           3.7    0.568201724066995
 5.0   B  11.0   80.18          15.1   1.1789769472931695
 6.0   C  12.0  98.889     7110000.0    6.851869600729766
 6.0   C  13.0   1.111       79900.0    4.902546779313991
 7.0   N  14.0  99.634     2120000.0    6.326335860928752
 7.0   N  15.0   0.366        7780.0    3.890979596989689
 8.0   O  16.0  99.763    15700000.0    7.195899652409234
 8.0   O  17.0   0.037        5900.0   3.7708520116421442
 8.0   O  18.0     0.2       31500.0    4.498310553789601
 9.0   F  19.0   100.0         804.0    2.905256048748451
10.0  Ne  20.0 92.9431     3060000.0     6.48572142648158
10.0  Ne  21.0  0.2228        7330.0   3.8651039746411278
10.0  Ne  22.0  6.8341      225000.0    5.352182518111363
11.0  Na  23.0   100.0       57700.0    4.761175813155732
12.0  Mg  24.0  78.992      810000.0   5.9084850188786495
12.0  Mg  25.0  10.003      103000.0    5.012837224705172
12.0  Mg  26.0  11.005      113000.0     5.05307844348342
13.0  Al  27.0   100.0       84600.0   4.9273703630390235
14.0  Si  28.0   92.23      922000.0    5.964730921053629
14.0  Si  29.0   4.683       46800.0    4.670245853074124
14.0  Si  30.0   3.087       30900.0    4.489958479424835
15.0   P  31.0   100.0        8300.0   3.9190780923760737
16.0   S  32.0  95.018      400258.0    5.602340020968936
16.0   S  33.0    0.75        3160.0    3.499687082618404
16.0   S  34.0   4.215       17800.0    4.250420002308894
16.0   S  36.0   0.017          72.0   1.8573324964312685
17.0  Cl  35.0  75.771        3920.0    3.593286067020457
17.0  Cl  37.0  24.229        1250.0   3.0969100130080562
18.0  Ar  36.0  84.595       78400.0    4.894316062684439
18.0  Ar  38.0  15.381       14300.0    4.155336037465061
18.0  Ar  40.0   0.024          22.0   1.3424226808222062
19.0   K  39.0  93.132        3500.0   3.5440680443502757
19.0  K*  40.0   0.147           6.0   0.7781512503836436
19.0   K  41.0   6.721         253.0    2.403120521175818
20.0  Ca  40.0  96.941       58500.0     4.76715586608218
20.0  Ca  42.0   0.647         391.0   2.5921767573958667
20.0  Ca  43.0   0.135          82.0   1.9138138523837167
20.0  Ca  44.0   2.086        1260.0    3.100370545117563
20.0  Ca  46.0   0.004           2.0   0.3010299956639812
20.0  Ca  48.0   0.187         113.0   2.0530784434834195
21.0  Sc  45.0   100.0          34.4   1.5365584425715302
22.0  Ti  46.0   8.249         204.0   2.3096301674258988
22.0  Ti  47.0   7.437         184.0   2.2648178230095364
22.0  Ti  48.0   73.72        1820.0   3.2600713879850747
22.0  Ti  49.0   5.409         134.0   2.1271047983648077
22.0  Ti  50.0   5.185         128.0   2.1072099696478683
23.0   V  50.0  0.2497           0.7  -0.1549019599857432
23.0   V  51.0 99.7503         285.7    2.455910240382743
24.0  Cr  50.0  4.3452         569.0   2.7551122663950713
24.0  Cr  52.0 83.7895       11000.0    4.041392685158225
24.0  Cr  53.0  9.5006        1240.0    3.093421685162235
24.0  Cr  54.0  2.3647         309.0   2.4899584794248346
25.0  Mn  55.0   100.0        9220.0   3.9647309210536292
26.0  Fe  54.0   5.845       49600.0    4.695481676490197
26.0  Fe  56.0  91.754      778000.0   5.8909795969896885
26.0  Fe  57.0  2.1191       18000.0   4.2552725051033065
26.0  Fe  58.0  0.2819        2390.0   3.3783979009481375
27.0  Co  59.0   100.0        2350.0   3.3710678622717363
28.0  Ni  58.0 68.0769       33400.0    4.523746466811565
28.0  Ni  60.0 26.2231       12900.0    4.110589710299249
28.0  Ni  61.0  1.1399         559.0    2.747411807886423
28.0  Ni  62.0  3.6345        1780.0    3.250420002308894
28.0  Ni  64.0  0.9256         454.0   2.6570558528571038
29.0  Cu  63.0  69.174         374.0   2.5728716022004803
29.0  Cu  65.0  30.826         167.0   2.2227164711475833
30.0  Zn  64.0   48.63         630.0   2.7993405494535817
30.0  Zn  66.0    27.9         362.0    2.558708570533166
30.0  Zn  67.0     4.1          53.0    1.724275869600789
30.0  Zn  68.0   18.75         243.0    2.385606273598312
30.0  Zn  70.0    0.62           8.0   0.9030899869919435
31.0  Ga  69.0  60.108          22.0   1.3424226808222062
31.0  Ga  71.0  39.892          14.6   1.1643528557844371
32.0  Ge  70.0  21.234          24.3   1.3856062735983121
32.0  Ge  72.0  27.662          31.7   1.5010592622177514
32.0  Ge  73.0   7.717           8.8   0.9444826721501687
32.0  Ge  74.0  35.943          41.2   1.6148972160331345
32.0  Ge  76.0   7.444           8.5   0.9294189257142927
33.0  As  75.0   100.0           6.1    0.785329835010767
34.0  Se  74.0    0.89           0.6  -0.2218487496163564
34.0  Se  76.0    9.37          6.32    0.800717078282385
34.0  Se  77.0    7.64          5.15   0.7118072290411911
34.0  Se  78.0   23.77         16.04   1.2052043639481447
34.0  Se  80.0   49.61         33.48   1.5247854493212223
34.0  Se  82.0    8.73          5.89   0.7701152947871016
35.0  Br  79.0  50.686          5.43   0.7347998295888469
35.0  Br  81.0  49.314          5.28   0.7226339225338123
36.0  Kr  78.0   0.362           0.2  -0.6989700043360187
36.0  Kr  80.0   2.326           1.3  0.11394335230683679
36.0  Kr  82.0  11.655          6.51   0.8135809885681919
36.0  Kr  83.0  11.546          6.45   0.8095597146352678
36.0  Kr  84.0  56.903         31.78   1.5021538928713607
36.0  Kr  86.0  17.208          9.61   0.9827233876685453
37.0  Rb  85.0  70.844         5.121   0.7093547758343961
37.0 Rb*  87.0  29.156         2.108  0.32387060654050903
38.0  Sr  84.0   0.558          0.13  -0.8860566476931632
38.0  Sr  86.0  9.8678           2.3  0.36172783601759284
38.0  Sr  87.0  6.8961           1.6   0.2041199826559248
38.0  Sr  88.0 82.6781          19.2   1.2833012287035497
39.0   Y  89.0   100.0          4.63   0.6655809910179531
40.0  Zr  90.0  51.452         5.546   0.7439798652418429
40.0  Zr  91.0  11.223          1.21  0.08278537031645007
40.0  Zr  92.0  17.146         1.848   0.2667019668840879
40.0  Zr  94.0   17.38         1.873   0.2725377773752374
40.0  Zr  96.0   2.799         0.302  -0.5199930570428494
41.0  Nb  93.0   100.0          0.78 -0.10790539730951958
42.0  Mo  92.0  14.525          0.37   -0.431798275933005
42.0  Mo  94.0   9.151         0.233   -0.632644078973981
42.0  Mo  95.0  15.838         0.404   -0.393618634889395
42.0  Mo  96.0  16.672         0.425 -0.37161106994968846
42.0  Mo  97.0   9.599         0.245  -0.6108339156354675
42.0  Mo  98.0  24.391         0.622  -0.2062096153091813
42.0  Mo 100.0   9.824          0.25  -0.6020599913279624
44.0  Ru  96.0   5.542         0.099    -1.00436480540245
44.0  Ru  98.0   1.869         0.033  -1.4814860601221125
44.0  Ru  99.0  12.758         0.227  -0.6439741428068773
44.0  Ru 100.0  12.599         0.224  -0.6497519816658371
44.0  Ru 101.0   17.06         0.304  -0.5171264163912462
44.0  Ru 102.0  31.552         0.562  -0.2502636844309389
44.0  Ru 104.0  18.621         0.332  -0.4788619162959637
45.0  Rh 103.0   100.0          0.37   -0.431798275933005
46.0  Pd 102.0    1.02        0.0139   -1.856985199745905
46.0  Pd 104.0   11.14        0.1513  -0.8201610719768133
46.0  Pd 105.0   22.33        0.3032  -0.5182708030399841
46.0  Pd 106.0   27.33         0.371 -0.43062609038495414
46.0  Pd 108.0   26.46         0.359 -0.44490555142168087
46.0  Pd 110.0   11.72         0.159  -0.7986028756795485
47.0  Ag 107.0  51.839         0.254   -0.595166283380062
47.0  Ag 109.0  48.161         0.236  -0.6270879970298935
48.0  Cd 106.0    1.25          0.02  -1.6989700043360187
48.0  Cd 108.0    0.89         0.014   -1.853871964321762
48.0  Cd 110.0   12.49         0.197  -0.7055337738384071
48.0  Cd 111.0    12.8         0.201  -0.6968039425795111
48.0  Cd 112.0   24.13          0.38 -0.42021640338318983
48.0  Cd 113.0   12.22         0.192  -0.7166987712964504
48.0  Cd 114.0   28.73         0.452  -0.3448615651886179
48.0  Cd 116.0    7.49         0.118  -0.9281179926938746
49.0  In 113.0   4.288         0.008  -2.0969100130080562
49.0  In 115.0  95.712          0.17   -0.769551078621726
50.0  Sn 112.0   0.971         0.035  -1.4559319556497243
50.0  Sn 114.0   0.659         0.024  -1.6197887582883939
50.0  Sn 115.0   0.339         0.012  -1.9208187539523751
50.0  Sn 116.0  14.536         0.524 -0.28066871301627333
50.0  Sn 117.0   7.676         0.277  -0.5575202309355514
50.0  Sn 118.0  24.223         0.873 -0.05898575629443027
50.0  Sn 119.0   8.585         0.309  -0.5100415205751654
50.0  Sn 120.0  32.593         1.175  0.07003786660775509
50.0  Sn 122.0   4.629         0.167  -0.7772835288524167
50.0  Sn 124.0   5.789         0.209   -0.679853713888946
51.0  Sb 121.0  57.213         0.179  -0.7471469690201068
51.0  Sb 123.0  42.787         0.134  -0.8728952016351923
52.0  Te 120.0   0.096         0.005  -2.3010299956639813
52.0  Te 122.0   2.603         0.122  -0.9136401693252518
52.0  Te 123.0   0.908         0.043  -1.3665315444204136
52.0  Te 124.0   4.816         0.226   -0.645891560852599
52.0  Te 125.0   7.139         0.335 -0.47495519296315475
52.0  Te 126.0  18.952         0.889  -0.0510982390297863
52.0  Te 128.0  31.687         1.486   0.1720188094245565
52.0  Te 130.0  33.799         1.585   0.2000292665537703
53.0   I 127.0   100.0           1.1  0.04139268515822508
54.0  Xe 124.0   0.129         0.007   -2.154901959985743
54.0  Xe 126.0   0.112         0.006   -2.221848749616356
54.0  Xe 128.0    2.23         0.122  -0.9136401693252518
54.0  Xe 129.0   27.46         1.499   0.1758016328482795
54.0  Xe 130.0    4.38         0.239  -0.6216020990518624
54.0  Xe 131.0    21.8          1.19  0.07554696139253074
54.0  Xe 132.0   26.36         1.438  0.15775888604686378
54.0  Xe 134.0    9.66         0.527 -0.27818938478745336
54.0  Xe 136.0    7.87         0.429 -0.36754270781527576
55.0  Cs 133.0   100.0         0.371 -0.43062609038495414
56.0  Ba 130.0   0.106         0.005  -2.3010299956639813
56.0  Ba 132.0   0.101         0.005  -2.3010299956639813
56.0  Ba 134.0   2.417         0.108  -0.9665762445130504
56.0  Ba 135.0   6.592         0.295   -0.530177984021837
56.0  Ba 136.0   7.853         0.351  -0.4546928835341759
56.0  Ba 137.0  11.232         0.502 -0.29929628285498067
56.0  Ba 138.0  71.699         3.205   0.5058280338548362
57.0 La* 138.0   0.091           0.0                 -inf
57.0  La 139.0  99.909         0.457 -0.34008379993014975
58.0  Ce 136.0   0.186         0.002  -2.6989700043360187
58.0  Ce 138.0    0.25         0.003  -2.5228787452803374
58.0  Ce 140.0   88.45         1.043 0.018284308426530838
58.0  Ce 142.0  11.114         0.131  -0.8827287043442357
59.0  Pr 141.0   100.0         0.172  -0.7644715530924511
60.0  Nd 142.0  27.044         0.231  -0.6363880201078557
60.0  Nd 143.0  12.023         0.103  -0.9871627752948278
60.0  Nd 144.0  23.729         0.203  -0.6925039620867871
60.0  Nd 145.0   8.763         0.075     -1.1249387366083
60.0  Nd 146.0   17.13         0.147  -0.8326826652518239
60.0  Nd 148.0   5.716         0.049  -1.3098039199714864
60.0  Nd 150.0   5.596         0.048  -1.3187587626244128
62.0  Sm 144.0   3.073         0.008  -2.0969100130080562
62.0 Sm* 147.0  14.993         0.041  -1.3872161432802645
62.0 Sm* 148.0  11.241          0.03  -1.5228787452803376
62.0  Sm 149.0  13.819         0.037   -1.431798275933005
62.0  Sm 150.0    7.38          0.02  -1.6989700043360187
62.0  Sm 152.0  26.742         0.071  -1.1487416512809248
62.0  Sm 154.0  22.752          0.06  -1.2218487496163564
63.0  Eu 151.0   47.81        0.0471  -1.3269790928711038
63.0  Eu 153.0   52.19        0.0514  -1.2890368810047244
64.0  Gd 152.0   0.203        0.0007   -3.154901959985743
64.0  Gd 154.0   2.181        0.0078  -2.1079053973095196
64.0  Gd 155.0    14.8        0.0533  -1.2732727909734278
64.0  Gd 156.0  20.466        0.0736  -1.1331221856625011
64.0  Gd 157.0  15.652        0.0563  -1.2494916051486538
64.0  Gd 158.0  24.835        0.0894  -1.0486624812040823
64.0  Gd 160.0  21.864        0.0787  -1.1040252676409354
65.0  Tb 159.0   100.0        0.0634  -1.1979107421182673
66.0  Dy 156.0   0.056        0.0002  -3.6989700043360187
66.0  Dy 158.0   0.095        0.0004  -3.3979400086720375
66.0  Dy 160.0   2.329        0.0094  -2.0268721464003012
66.0  Dy 161.0  18.889        0.0762  -1.1180450286603996
66.0  Dy 162.0  25.475        0.1028  -0.9880068853407431
66.0  Dy 163.0  24.896        0.1005  -0.9978339382434923
66.0  Dy 164.0   28.26        0.1141  -0.9427143555817854
67.0  Ho 165.0   100.0         0.091  -1.0409586076789064
68.0  Er 162.0   0.139        0.0004  -3.3979400086720375
68.0  Er 164.0   1.601        0.0042  -2.3767507096020997
68.0  Er 166.0  33.503         0.088  -1.0555173278498313
68.0  Er 167.0  22.869          0.06  -1.2218487496163564
68.0  Er 168.0  26.978         0.071  -1.1487416512809248
68.0  Er 170.0   14.91         0.039   -1.408935392973501
69.0  Tm 169.0   100.0        0.0406   -1.391473966422806
70.0  Yb 168.0    0.12        0.0003  -3.5228787452803374
70.0  Yb 170.0    2.98        0.0076  -2.1191864077192086
70.0  Yb 171.0   14.09        0.0361   -1.442492798094342
70.0  Yb 172.0   21.69        0.0556  -1.2549252084179425
70.0  Yb 173.0    16.1        0.0413  -1.3840499483435988
70.0  Yb 174.0   32.03        0.0821  -1.0856568428805593
70.0  Yb 176.0    13.0        0.0333    -1.47755576649368
71.0  Lu 175.0 97.1795         0.037   -1.431798275933005
71.0 Lu* 176.0  2.8205        0.0011   -2.958607314841775
72.0  Hf 174.0   0.162        0.0003  -3.5228787452803374
72.0  Hf 176.0   5.206        0.0081  -2.0915149811213505
72.0  Hf 177.0  18.606         0.029   -1.537602002101044
72.0  Hf 178.0  27.297        0.0425  -1.3716110699496884
72.0  Hf 179.0  13.629        0.0212  -1.6736641390712486
72.0  Hf 180.0    35.1        0.0547  -1.2620126736665693
73.0  Ta 180.0  0.0123       2.6e-06   -5.585026652029182
73.0  Ta 181.0 99.9877         0.021  -1.6777807052660807
74.0   W 180.0    0.12        0.0002  -3.6989700043360187
74.0   W 182.0  26.499        0.0363  -1.4400933749638876
74.0   W 183.0  14.314        0.0196  -1.7077439286435239
74.0   W 184.0  30.642         0.042  -1.3767507096020994
74.0   W 186.0  28.426         0.039   -1.408935392973501
75.0  Re 185.0  35.662        0.0207  -1.6840296545430822
75.0 Re* 187.0  64.338        0.0374  -1.4271283977995197
76.0  Os 184.0    0.02        0.0001                 -4.0
76.0  Os 186.0   1.598        0.0108  -1.9665762445130504
76.0  Os 187.0   1.271        0.0086   -2.065501548756432
76.0  Os 188.0  13.337        0.0904  -1.0438315695246367
76.0  Os 189.0  16.261          0.11   -0.958607314841775
76.0  Os 190.0  26.444         0.179  -0.7471469690201068
76.0  Os 192.0   41.07         0.278  -0.5559552040819237
77.0  Ir 191.0  37.272          0.25  -0.6020599913279624
77.0  Ir 193.0  62.728         0.421  -0.3757179041643317
78.0 Pt* 190.0   0.014        0.0002  -3.6989700043360187
78.0  Pt 192.0   0.783          0.01                 -2.0
78.0  Pt 194.0  32.967          0.42 -0.37675070960209955
78.0  Pt 195.0  33.832         0.431  -0.3655227298392684
78.0  Pt 196.0  25.242         0.322  -0.4921441283041691
78.0  Pt 198.0   7.163         0.091  -1.0409586076789064
79.0  Au 197.0   100.0         0.195  -0.7099653886374819
80.0  Hg 196.0    0.15         0.001                 -3.0
80.0  Hg 198.0    9.97         0.046   -1.337242168318426
80.0  Hg 199.0   16.87         0.077  -1.1135092748275182
80.0  Hg 200.0    23.1         0.106  -0.9746941347352298
80.0  Hg 201.0   13.18          0.06  -1.2218487496163564
80.0  Hg 202.0   29.86         0.137  -0.8632794328435932
80.0  Hg 204.0    6.87         0.031  -1.5086383061657274
81.0  Tl 203.0  29.524         0.054  -1.2676062401770316
81.0  Tl 205.0  70.476         0.129   -0.889410289700751
82.0  Pb 204.0   1.997         0.066  -1.1804560644581312
82.0  Pb 206.0  18.582         0.614 -0.21183162885883233
82.0  Pb 207.0  20.563          0.68 -0.16749108729376366
82.0  Pb 208.0  58.858         1.946   0.2891428359323331
83.0  Bi 209.0   100.0        0.1382  -0.8594919569618205
90.0 Th* 232.0   100.0         0.044  -1.3565473235138126
92.0  U* 234.0   0.002       4.9e-07   -6.309803919971486
92.0  U* 235.0  24.286        0.0058  -2.2365720064370627
92.0  U* 238.0  75.712         0.018   -1.744727494896694
